estimation/data/3I-Ephemeris-Uncertainty.ecsv
# %ECSV 1.0
# ---
# datatype:
# - {name: targetname, unit: '---', datatype: string}
# - {name: datetime_jd, unit: d, datatype: float64}
# - {name: datetime_str, unit: '---', datatype: string}
# - {name: M1, unit: mag, datatype: float64}
# - {name: x, unit: AU, datatype: float64}
# - {name: k1, unit: '---', datatype: float64}
# - {name: y, unit: AU, datatype: float64}
# - {name: z, unit: AU, datatype: float64}
# - {name: vx, unit: AU / d, datatype: float64}
# - {name: vy, unit: AU / d, datatype: float64}
# - {name: vz, unit: AU / d, datatype: float64}
# - {name: x_s, unit: AU, datatype: float64}
# - {name: y_s, unit: AU, datatype: float64}
# - {name: z_s, unit: AU, datatype: float64}
# - {name: vx_s, unit: AU / d, datatype: float64}
# - {name: vy_s, unit: AU / d, datatype: float64}
# - {name: vz_s, unit: AU / d, datatype: float64}
# - {name: a_s_1, unit: AU, datatype: float64}
# - {name: c_s, unit: AU, datatype: float64}
# - {name: n_s_1, unit: AU, datatype: float64}
# - {name: va_s, unit: AU / d, datatype: float64}
# - {name: vc_s, unit: AU / d, datatype: float64}
# - {name: vn_s_1, unit: AU / d, datatype: float64}
# - {name: r_s_1, unit: AU, datatype: float64}
# - {name: t_s, unit: AU, datatype: float64}
# - {name: n_s_2, unit: AU, datatype: float64}
# - {name: vr_s_1, unit: AU / d, datatype: float64}
# - {name: vt_s, unit: AU / d, datatype: float64}
# - {name: vn_s_2, unit: AU / d, datatype: float64}
# - {name: a_s_2, unit: AU, datatype: float64}
# - {name: d_s, unit: AU, datatype: float64}
# - {name: r_s_2, unit: AU, datatype: float64}
# - {name: va_ra_s, unit: AU / d, datatype: float64}
# - {name: va_dec_s, unit: AU / d, datatype: float64}
# - {name: vr_s_2, unit: AU / d, datatype: float64}
# schema: astropy-2.0
targetname datetime_jd datetime_str M1 x k1 y z vx vy vz x_s y_s z_s vx_s vy_s vz_s a_s_1 c_s n_s_1 va_s vc_s vn_s_1 r_s_1 t_s n_s_2 vr_s_1 vt_s vn_s_2 a_s_2 d_s r_s_2 va_ra_s va_dec_s vr_s_2
[from data line 468]
"ATLAS (C/2025 N1)" 2460778.5 "A.D. 2025-Apr-13 00:00:00.0000" 12.5 1.365555474728859 4.5 -7.033623555020934 0.4032707831800394 -0.01376031530412664 0.03181748150297244 -0.001426465409915919 1.23057667e-06 4.8122105e-06 5.65537469e-07 1.66919632e-08 3.06985586e-08 5.22921039e-09 4.7169081e-06 1.57047481e-06 5.25269755e-07 3.27233664e-08 1.2353333e-08 4.99441996e-09 4.86450952e-06 1.02574866e-06 5.25269755e-07 3.21930042e-08 1.36760384e-08 4.99441996e-09 1.01435516e-06 5.46948118e-07 4.86450952e-06 1.34949741e-08 5.46479012e-09 3.21930042e-08
"ATLAS (C/2025 N1)" 2460779.5 "A.D. 2025-Apr-14 00:00:00.0000" 12.5 1.351794612505867 4.5 -7.001803252496445 0.4018441558004949 -0.01376140988900556 0.03182313266840846 -0.001426789924889821 1.21448439e-06 4.78224791e-06 5.60777008e-07 1.6658954e-08 3.06883756e-08 5.2258744e-09 4.68464497e-06 1.56287439e-06 5.20445471e-07 3.26997654e-08 1.23457119e-08 4.99155799e-09 4.83308348e-06 1.01478024e-06 5.20445471e-07 3.21706782e-08 1.36652378e-08 4.99155799e-09 1.0035644e-06 5.41757253e-07 4.83308348e-06 1.34845075e-08 5.46099189e-09 3.21706782e-08
"ATLAS (C/2025 N1)" 2460780.5 "A.D. 2025-Apr-15 00:00:00.0000" 12.5 1.338032653460218 4.5 -6.96997727130827 0.4004172021697723 -0.01376250894570201 0.0318288389618816 -0.001427117921365514 1.19843456e-06 4.75230207e-06 5.56027134e-07 1.66256793e-08 3.06780961e-08 5.22250195e-09 4.65240941e-06 1.5553141e-06 5.1562706e-07 3.26759573e-08 1.23380857e-08 4.98866457e-09 4.80168896e-06 1.00384181e-06 5.1562706e-07 3.21481881e-08 1.36543233e-08 4.98866457e-09 9.92803127e-07 5.36573949e-07 4.80168896e-06 1.34739308e-08 5.45715216e-09 3.21481881e-08
"ATLAS (C/2025 N1)" 2460781.5 "A.D. 2025-Apr-16 00:00:00.0000" 12.5 1.324269593131664 4.5 -6.938145555931253 0.3989899187789016 -0.01376361245072028 0.03183460118014306 -0.001427449454467314 1.18242777e-06 4.72237315e-06 5.51288047e-07 1.65921361e-08 3.06677186e-08 5.21909247e-09 4.62020168e-06 1.54779421e-06 5.10814632e-07 3.26519394e-08 1.23304552e-08 4.98573919e-09 4.77032627e-06 9.92933926e-07 5.10814632e-07 3.21255321e-08 1.36432936e-08 4.98573919e-09 9.82071877e-07 5.31398342e-07 4.77032627e-06 1.34632425e-08 5.45327025e-09 3.21255321e-08
"ATLAS (C/2025 N1)" 2460782.5 "A.D. 2025-Apr-17 00:00:00.0000" 12.5 1.310505427084546 4.5 -6.906308050035902 0.3975623020632204 -0.01376472037835748 0.03184042013517609 -0.001427784580462154 1.16646462e-06 4.69246135e-06 5.46559958e-07 1.65583212e-08 3.06572418e-08 5.21564538e-09 4.58802206e-06 1.54031497e-06 5.06008301e-07 3.2627709e-08 1.23228213e-08 4.98278133e-09 4.73899572e-06 9.82057128e-07 5.06008301e-07 3.21027085e-08 1.36321467e-08 4.98278133e-09 9.71371191e-07 5.26230571e-07 4.73899572e-06 1.34524409e-08 5.44934553e-09 3.21027085e-08
"ATLAS (C/2025 N1)" 2460783.5 "A.D. 2025-Apr-18 00:00:00.0000" 12.5 1.296740150910051 4.5 -6.874464696472966 0.3961343484012137 -0.01376583270060852 0.03184629665455182 -0.001428123356789073 1.15054572e-06 4.66256688e-06 5.41843081e-07 1.65242314e-08 3.06466642e-08 5.21216006e-09 4.55587082e-06 1.53287662e-06 5.01208186e-07 3.26032631e-08 1.2315185e-08 4.97979048e-09 4.70769763e-06 9.71211988e-07 5.01208186e-07 3.20797155e-08 1.36208811e-08 4.97979048e-09 9.60701626e-07 5.2107078e-07 4.70769763e-06 1.34415245e-08 5.4453773e-09 3.20797155e-08
"ATLAS (C/2025 N1)" 2460784.5 "A.D. 2025-Apr-19 00:00:00.0000" 12.5 1.282973760228565 4.5 -6.842615437257689 0.3947060541133304 -0.01376694938706711 0.03185223158179522 -0.001428465842089586 1.13467172e-06 4.63268993e-06 5.37137634e-07 1.64898637e-08 3.06359843e-08 5.20863592e-09 4.52374823e-06 1.5254794e-06 4.96414408e-07 3.25785989e-08 1.23075472e-08 4.97676608e-09 4.6764323e-06 9.60399091e-07 4.96414408e-07 3.20565512e-08 1.3609495e-08 4.97676608e-09 9.50063759e-07 5.15919116e-07 4.6764323e-06 1.34304915e-08 5.44136487e-09 3.20565512e-08
"ATLAS (C/2025 N1)" 2460785.5 "A.D. 2025-Apr-20 00:00:00.0000" 12.5 1.269206250692123 4.5 -6.810760213553653 0.3932774154607651 -0.01376807040482251 0.03185822577676136 -0.001428812096238956 1.11884328e-06 4.60283071e-06 5.32443845e-07 1.64552147e-08 3.06252007e-08 5.20507233e-09 4.49165458e-06 1.51812357e-06 4.91627092e-07 3.25537134e-08 1.2299909e-08 4.9737076e-09 4.64520008e-06 9.49619044e-07 4.91627092e-07 3.20332137e-08 1.35979865e-08 4.9737076e-09 9.39458183e-07 5.10775732e-07 4.64520008e-06 1.34193402e-08 5.43730754e-09 3.20332137e-08
"ATLAS (C/2025 N1)" 2460786.5 "A.D. 2025-Apr-21 00:00:00.0000" 12.5 1.255437617986965 4.5 -6.778898965656258 0.391848428644204 -0.01376919571835198 0.03186428011602223 -0.001429162180378444 1.10306107e-06 4.57298943e-06 5.27761944e-07 1.64202813e-08 3.06143117e-08 5.20146865e-09 4.45959015e-06 1.51080938e-06 4.86846367e-07 3.25286036e-08 1.22922713e-08 4.97061448e-09 4.61400128e-06 9.38872468e-07 4.86846367e-07 3.20097012e-08 1.3586354e-08 4.97061448e-09 9.28885512e-07 5.05640783e-07 4.61400128e-06 1.34080689e-08 5.43320459e-09 3.20097012e-08
"ATLAS (C/2025 N1)" 2460787.5 "A.D. 2025-Apr-22 00:00:00.0000" 12.5 1.241667857836211 4.5 -6.747031632975808 0.3904190898025461 -0.01377032528940863 0.03187039549326447 -0.001429516156948505 1.08732581e-06 4.54316629e-06 5.23092172e-07 1.638506e-08 3.0603316e-08 5.19782423e-09 4.42755523e-06 1.50353706e-06 4.82072366e-07 3.25032665e-08 1.22846353e-08 4.96748615e-09 4.58283624e-06 9.28160006e-07 4.82072366e-07 3.19860118e-08 1.35745956e-08 4.96748615e-09 9.18346376e-07 5.00514432e-07 4.58283624e-06 1.33966758e-08 5.42905528e-09 3.19860118e-08
"ATLAS (C/2025 N1)" 2460788.5 "A.D. 2025-Apr-23 00:00:00.0000" 12.5 1.227896966002635 4.5 -6.715158154020198 0.3889893950115872 -0.0137714590769045 0.0318765728196983 -0.001429874089723068 1.07163822e-06 4.51336152e-06 5.18434772e-07 1.63495476e-08 3.05922118e-08 5.19413842e-09 4.39555012e-06 1.49630685e-06 4.77305225e-07 3.24776989e-08 1.22770022e-08 4.96432201e-09 4.55170531e-06 9.17482321e-07 4.77305225e-07 3.19621436e-08 1.35627093e-08 4.96432201e-09 9.07841426e-07 4.95396844e-07 4.55170531e-06 1.33851591e-08 5.42485886e-09 3.19621436e-08
"ATLAS (C/2025 N1)" 2460789.5 "A.D. 2025-Apr-24 00:00:00.0000" 12.5 1.214124938291572 4.5 -6.683278466377168 0.3875593402826664 -0.01377259703678871 0.03188281302447785 -0.001430236043844831 1.05599906e-06 4.48357534e-06 5.13789998e-07 1.63137406e-08 3.05809975e-08 5.19041053e-09 4.36357511e-06 1.48911901e-06 4.72545086e-07 3.24518977e-08 1.2269373e-08 4.96112149e-09 4.52060883e-06 9.06840098e-07 4.72545086e-07 3.19380946e-08 1.35506934e-08 4.96112149e-09 8.97371335e-07 4.9028819e-07 4.52060883e-06 1.33735169e-08 5.42061457e-09 3.19380946e-08
"ATLAS (C/2025 N1)" 2460790.5 "A.D. 2025-Apr-25 00:00:00.0000" 12.5 1.20035177055394 4.5 -6.651392506696159 0.3861289215612817 -0.01377373912192031 0.03188911705513336 -0.001430602085861708 1.04040912e-06 4.45380797e-06 5.09158108e-07 1.62776356e-08 3.05696715e-08 5.18663988e-09 4.33163051e-06 1.48197376e-06 4.67792095e-07 3.24258595e-08 1.2261749e-08 4.95788396e-09 4.48954715e-06 8.96234041e-07 4.67792095e-07 3.19138627e-08 1.35385458e-08 4.95788396e-09 8.86936795e-07 4.85188646e-07 4.48954715e-06 1.33617474e-08 5.41632162e-09 3.19138627e-08
"ATLAS (C/2025 N1)" 2460791.5 "A.D. 2025-Apr-26 00:00:00.0000" 12.5 1.186577458689399 4.5 -6.619500210669707 0.3846981347256643 -0.01377488528193572 0.03189548587801543 -0.001430972283764405 1.0248692e-06 4.42405963e-06 5.04539368e-07 1.6241229e-08 3.05582321e-08 5.18282576e-09 4.29971662e-06 1.47487135e-06 4.63046403e-07 3.23995813e-08 1.22541315e-08 4.95460881e-09 4.45852063e-06 8.8566488e-07 4.63046403e-07 3.18894461e-08 1.35262645e-08 4.95460881e-09 8.76538522e-07 4.80098396e-07 4.45852063e-06 1.33498487e-08 5.41197923e-09 3.18894461e-08
"ATLAS (C/2025 N1)" 2460792.5 "A.D. 2025-Apr-27 00:00:00.0000" 12.5 1.172801998649643 4.5 -6.587601513014397 0.383266975585317 -0.01377603546311033 0.03190192047875171 -0.001431346707025246 1.00938015e-06 4.39433057e-06 4.99934053e-07 1.62045174e-08 3.05466776e-08 5.17896746e-09 4.26783376e-06 1.46781201e-06 4.58308165e-07 3.23730595e-08 1.22465217e-08 4.95129539e-09 4.42752964e-06 8.75133367e-07 4.58308165e-07 3.18648426e-08 1.35138476e-08 4.95129539e-09 8.66177256e-07 4.75017627e-07 4.42752964e-06 1.33378189e-08 5.40758656e-09 3.18648426e-08
"ATLAS (C/2025 N1)" 2460793.5 "A.D. 2025-Apr-28 00:00:00.0000" 12.5 1.159025386441828 4.5 -6.555696347451353 0.381835439879514 -0.01377718960821399 0.03190842186271643 -0.001431725426638239 9.93942841e-07 4.36462101e-06 4.95342445e-07 1.61674971e-08 3.05350062e-08 5.17506422e-09 4.23598225e-06 1.46079597e-06 4.53577542e-07 3.23462907e-08 1.22389211e-08 4.94794307e-09 4.39657454e-06 8.64640281e-07 4.53577542e-07 3.18400502e-08 1.35012931e-08 4.94794307e-09 8.5585376e-07 4.69946532e-07 4.39657454e-06 1.33256558e-08 5.40314279e-09 3.18400502e-08
"ATLAS (C/2025 N1)" 2460794.5 "A.D. 2025-Apr-29 00:00:00.0000" 12.5 1.145247618132159 4.5 -6.52378464668625 0.380403523275755 -0.0137783476563601 0.03191499105551297 -0.00143210851516045 9.7855819e-07 4.3349312e-06 4.90764833e-07 1.61301644e-08 3.05232162e-08 5.17111532e-09 4.20416241e-06 1.45382346e-06 4.48854699e-07 3.23192716e-08 1.22313311e-08 4.94455118e-09 4.36565571e-06 8.54186424e-07 4.48854699e-07 3.18150669e-08 1.34885988e-08 4.94455118e-09 8.45568824e-07 4.64885312e-07 4.36565571e-06 1.33133577e-08 5.39864707e-09 3.18150669e-08
"ATLAS (C/2025 N1)" 2460795.5 "A.D. 2025-Apr-30 00:00:00.0000" 12.5 1.131468689849617 4.5 -6.491866342388842 0.378971221368187 -0.01377950954284783 0.03192162910347 -0.001432496046754811 9.63227142e-07 4.30526138e-06 4.86201516e-07 1.60925158e-08 3.05113056e-08 5.16711997e-09 4.17237456e-06 1.44689473e-06 4.44139809e-07 3.22919985e-08 1.22237531e-08 4.94111904e-09 4.33477353e-06 8.43772628e-07 4.44139809e-07 3.17898904e-08 1.34757625e-08 4.94111904e-09 8.35323261e-07 4.59834173e-07 4.33477353e-06 1.33009223e-08 5.39409854e-09 3.17898904e-08
"ATLAS (C/2025 N1)" 2460796.5 "A.D. 2025-May-01 00:00:00.0000" 12.5 1.117688597789863 4.5 -6.459941365171978 0.3775385296759689 -0.01378067519899708 0.03192833707415148 -0.001432888097234325 9.47950681e-07 4.27561181e-06 4.81652801e-07 1.60545473e-08 3.04992727e-08 5.1630774e-09 4.14061905e-06 1.44000998e-06 4.39433048e-07 3.22644678e-08 1.22161886e-08 4.93764595e-09 4.3039284e-06 8.33399751e-07 4.39433048e-07 3.17645186e-08 1.34627823e-08 4.93764595e-09 8.25117917e-07 4.54793329e-07 4.3039284e-06 1.32883477e-08 5.38949629e-09 3.17645186e-08
"ATLAS (C/2025 N1)" 2460797.5 "A.D. 2025-May-02 00:00:00.0000" 12.5 1.103907338219298 4.5 -6.428009644570104 0.3761054436416063 -0.01378184455197566 0.03193511605688092 -0.001433284744107828 9.32729837e-07 4.24598273e-06 4.77119003e-07 1.60162554e-08 3.04871156e-08 5.15898681e-09 4.10889621e-06 1.43316944e-06 4.34734601e-07 3.22366759e-08 1.22086393e-08 4.93413121e-09 4.27312071e-06 8.23068682e-07 4.34734601e-07 3.17389494e-08 1.34496557e-08 4.93413121e-09 8.14953662e-07 4.49763001e-07 4.27312071e-06 1.32756316e-08 5.38483944e-09 3.17389494e-08
"ATLAS (C/2025 N1)" 2460798.5 "A.D. 2025-May-03 00:00:00.0000" 12.5 1.090124907479307 4.5 -6.396071109017246 0.3746719586292251 -0.01378301752461836 0.0319419671632803 -0.00143368606662734 9.17565681e-07 4.21637441e-06 4.72600448e-07 1.59776361e-08 3.04748322e-08 5.15484737e-09 4.07720638e-06 1.42637334e-06 4.30044657e-07 3.2208619e-08 1.22011067e-08 4.93057409e-09 4.24235087e-06 8.1278034e-07 4.30044657e-07 3.17131805e-08 1.34363807e-08 4.93057409e-09 8.04831399e-07 4.44743417e-07 4.24235087e-06 1.3262772e-08 5.38012706e-09 3.17131805e-08
"ATLAS (C/2025 N1)" 2460799.5 "A.D. 2025-May-04 00:00:00.0000" 12.5 1.076341301990684 4.5 -6.364125685824422 0.3732380699228083 -0.01378419403523691 0.03194889152782429 -0.001434092145837077 9.0245933e-07 4.18678712e-06 4.68097471e-07 1.59386854e-08 3.04624207e-08 5.15065826e-09 4.04554991e-06 1.41962189e-06 4.25363412e-07 3.21802933e-08 1.21935927e-08 4.92697385e-09 4.21161927e-06 8.02535675e-07 4.25363412e-07 3.16872097e-08 1.34229549e-08 4.92697385e-09 7.9475206e-07 4.39734812e-07 4.21161927e-06 1.32497666e-08 5.37535819e-09 3.16872097e-08
"ATLAS (C/2025 N1)" 2460800.5 "A.D. 2025-May-05 00:00:00.0000" 12.5 1.062556518258257 4.5 -6.332173301156516 0.3718037727243794 -0.01378537399742061 0.03195589030840997 -0.001434503064624269 8.87411956e-07 4.15722111e-06 4.63610416e-07 1.58993996e-08 3.0449879e-08 5.14641862e-09 4.01392717e-06 1.41291531e-06 4.20691071e-07 3.21516949e-08 1.21860989e-08 4.92332974e-09 4.18092636e-06 7.92335673e-07 4.20691071e-07 3.16610348e-08 1.3409376e-08 4.92332974e-09 7.84716612e-07 4.34737431e-07 4.18092636e-06 1.32366132e-08 5.37053188e-09 3.16610348e-08
"ATLAS (C/2025 N1)" 2460801.5 "A.D. 2025-May-06 00:00:00.0000" 12.5 1.048770552875711 4.5 -6.30021388000856 0.3703690621521284 -0.01378655731982649 0.03196296468694289 -0.001434918907771786 8.72424779e-07 4.12767668e-06 4.59139638e-07 1.58597746e-08 3.0437205e-08 5.14212759e-09 3.98233851e-06 1.4062538e-06 4.16027843e-07 3.21228197e-08 1.21786272e-08 4.91964097e-09 4.15027253e-06 7.82181353e-07 4.16027843e-07 3.16346534e-08 1.33956416e-08 4.91964097e-09 7.74726055e-07 4.29751527e-07 4.15027253e-06 1.32233094e-08 5.36564713e-09 3.16346534e-08
"ATLAS (C/2025 N1)" 2460802.5 "A.D. 2025-May-07 00:00:00.0000" 12.5 1.034983402530635 4.5 -6.268247346181423 0.3689339332384938 -0.01378774390595854 0.03197011586993989 -0.001435339762012774 8.57499081e-07 4.09815408e-06 4.54685502e-07 1.58198063e-08 3.04243967e-08 5.13778426e-09 3.9507843e-06 1.39963758e-06 4.11373948e-07 3.20936639e-08 1.21711795e-08 4.91590676e-09 4.11965824e-06 7.72073772e-07 4.11373948e-07 3.16080632e-08 1.33817493e-08 4.91590676e-09 7.64781425e-07 4.24777361e-07 4.11965824e-06 1.32098531e-08 5.36070294e-09 3.16080632e-08
"ATLAS (C/2025 N1)" 2460803.5 "A.D. 2025-May-08 00:00:00.0000" 12.5 1.021195064009784 4.5 -6.236273622256896 0.3674983809281815 -0.01378893365393459 0.03197734508914954 -0.001435765716087298 8.42636202e-07 4.06865363e-06 4.50248385e-07 1.57794907e-08 3.04114518e-08 5.13338773e-09 3.91926492e-06 1.39306685e-06 4.06729611e-07 3.20642231e-08 1.21637578e-08 4.91212629e-09 4.08908393e-06 7.62014023e-07 4.06729611e-07 3.15812618e-08 1.33676967e-08 4.91212629e-09 7.54883794e-07 4.19815203e-07 4.08908393e-06 1.31962417e-08 5.35569828e-09 3.15812618e-08
"ATLAS (C/2025 N1)" 2460804.5 "A.D. 2025-May-09 00:00:00.0000" 12.5 1.00740553420459 4.5 -6.204292629572142 0.3660624000761299 -0.01379012645624012 0.03198465360219106 -0.001436196860801192 8.27837549e-07 4.03917559e-06 4.45828673e-07 1.57388236e-08 3.03983682e-08 5.12893707e-09 3.88778074e-06 1.3865418e-06 4.02095068e-07 3.20344934e-08 1.21563642e-08 4.90829874e-09 4.05855003e-06 7.5200324e-07 4.02095068e-07 3.15542468e-08 1.33534812e-08 4.90829874e-09 7.45034275e-07 4.14865335e-07 4.05855003e-06 1.3182473e-08 5.3506321e-09 3.15542468e-08
"ATLAS (C/2025 N1)" 2460805.5 "A.D. 2025-May-10 00:00:00.0000" 12.5 0.9936148101169275 4.5 -6.17230428819349 0.364625985445413 -0.01379132219946778 0.03199204269321307 -0.001436633289087096 8.13104599e-07 4.00972028e-06 4.41426767e-07 1.56978008e-08 3.03851436e-08 5.12443133e-09 3.85633215e-06 1.38006264e-06 3.97470562e-07 3.20044702e-08 1.21490007e-08 4.90442325e-09 4.02805701e-06 7.420426e-07 3.97470562e-07 3.15270159e-08 1.33391004e-08 4.90442325e-09 7.3523402e-07 4.09928048e-07 4.02805701e-06 1.31685444e-08 5.34550331e-09 3.15270159e-08
