estimation/data/3I-Ephemeris-Uncertainty.ecsv
# %ECSV 1.0
# ---
# datatype:
# - {name: targetname, unit: '---', datatype: string}
# - {name: datetime_jd, unit: d, datatype: float64}
# - {name: datetime_str, unit: '---', datatype: string}
# - {name: M1, unit: mag, datatype: float64}
# - {name: x, unit: AU, datatype: float64}
# - {name: k1, unit: '---', datatype: float64}
# - {name: y, unit: AU, datatype: float64}
# - {name: z, unit: AU, datatype: float64}
# - {name: vx, unit: AU / d, datatype: float64}
# - {name: vy, unit: AU / d, datatype: float64}
# - {name: vz, unit: AU / d, datatype: float64}
# - {name: x_s, unit: AU, datatype: float64}
# - {name: y_s, unit: AU, datatype: float64}
# - {name: z_s, unit: AU, datatype: float64}
# - {name: vx_s, unit: AU / d, datatype: float64}
# - {name: vy_s, unit: AU / d, datatype: float64}
# - {name: vz_s, unit: AU / d, datatype: float64}
# - {name: a_s_1, unit: AU, datatype: float64}
# - {name: c_s, unit: AU, datatype: float64}
# - {name: n_s_1, unit: AU, datatype: float64}
# - {name: va_s, unit: AU / d, datatype: float64}
# - {name: vc_s, unit: AU / d, datatype: float64}
# - {name: vn_s_1, unit: AU / d, datatype: float64}
# - {name: r_s_1, unit: AU, datatype: float64}
# - {name: t_s, unit: AU, datatype: float64}
# - {name: n_s_2, unit: AU, datatype: float64}
# - {name: vr_s_1, unit: AU / d, datatype: float64}
# - {name: vt_s, unit: AU / d, datatype: float64}
# - {name: vn_s_2, unit: AU / d, datatype: float64}
# - {name: a_s_2, unit: AU, datatype: float64}
# - {name: d_s, unit: AU, datatype: float64}
# - {name: r_s_2, unit: AU, datatype: float64}
# - {name: va_ra_s, unit: AU / d, datatype: float64}
# - {name: va_dec_s, unit: AU / d, datatype: float64}
# - {name: vr_s_2, unit: AU / d, datatype: float64}
# schema: astropy-2.0
targetname datetime_jd datetime_str M1 x k1 y z vx vy vz x_s y_s z_s vx_s vy_s vz_s a_s_1 c_s n_s_1 va_s vc_s vn_s_1 r_s_1 t_s n_s_2 vr_s_1 vt_s vn_s_2 a_s_2 d_s r_s_2 va_ra_s va_dec_s vr_s_2
[from data line 526]
"ATLAS (C/2025 N1)" 2460836.5 "A.D. 2025-Jun-10 00:00:00.0000" 12.5 0.5655012902080788 4.5 -5.176515634863684 0.3198483266082787 -0.01382884295721915 0.03226958112063635 -0.001453412447100214 4.0313895e-07 3.10982278e-06 3.16662017e-07 1.42245012e-08 2.98903557e-08 4.95108078e-09 2.90154928e-06 1.20277847e-06 2.61015932e-07 3.09002026e-08 1.19520962e-08 4.75477399e-09 3.10602211e-06 4.67216121e-07 2.61015932e-07 3.05608456e-08 1.27949148e-08 4.75477399e-09 4.64742414e-07 2.65395381e-07 3.10602211e-06 1.26417207e-08 5.14826343e-09 3.05608456e-08
"ATLAS (C/2025 N1)" 2460837.5 "A.D. 2025-Jun-11 00:00:00.0000" 12.5 0.5516718587997652 4.5 -5.144240640354837 0.3183945793920432 -0.01383001880905231 0.03228043166076135 -0.001454083643836395 3.92241251e-07 3.08129598e-06 3.13134176e-07 1.41695975e-08 2.98710734e-08 4.94415231e-09 2.87149257e-06 1.19783552e-06 2.56927295e-07 3.08578987e-08 1.19474882e-08 4.74876583e-09 3.07714384e-06 4.59853561e-07 2.56927295e-07 3.05252071e-08 1.2773571e-08 4.74876583e-09 4.57489046e-07 2.61114355e-07 3.07714384e-06 1.2621068e-08 5.14038297e-09 3.05252071e-08
"ATLAS (C/2025 N1)" 2460838.5 "A.D. 2025-Jun-12 00:00:00.0000" 12.5 0.5378412547825278 4.5 -5.111954723557417 0.3169401559680005 -0.01383118808235447 0.03229142615736738 -0.001454764898590513 3.81580204e-07 3.0528063e-06 3.09646889e-07 1.41141755e-08 2.9851539e-08 4.93712123e-09 2.84148918e-06 1.19294122e-06 2.52866442e-07 3.08150959e-08 1.19430516e-08 4.74266619e-09 3.04832826e-06 4.52619411e-07 2.52866442e-07 3.04892521e-08 1.27519458e-08 4.74266619e-09 4.50361226e-07 2.56866764e-07 3.04832826e-06 1.26001436e-08 5.13238595e-09 3.04892521e-08
"ATLAS (C/2025 N1)" 2460839.5 "A.D. 2025-Jun-13 00:00:00.0000" 12.5 0.5240094850174482 4.5 -5.079657739124866 0.3154850461694941 -0.01383235020756844 0.03230256740199806 -0.001455456429657757 3.71170197e-07 3.02435437e-06 3.06201228e-07 1.405823e-08 2.98317475e-08 4.92998545e-09 2.81153985e-06 1.18809551e-06 2.48834456e-07 3.07717852e-08 1.1938794e-08 4.73647309e-09 3.01957633e-06 4.45517751e-07 2.48834456e-07 3.04529767e-08 1.27300345e-08 4.73647309e-09 4.43362918e-07 2.52653866e-07 3.01957633e-06 1.25789432e-08 5.12426994e-09 3.04529767e-08
"ATLAS (C/2025 N1)" 2460840.5 "A.D. 2025-Jun-14 00:00:00.0000" 12.5 0.5101765569487445 4.5 -5.047349538884532 0.3140292396084775 -0.01383350458776699 0.03231385825568545 -0.001456158461560981 3.61026716e-07 2.99594084e-06 3.02798294e-07 1.40017558e-08 2.98116939e-08 4.92274279e-09 2.78164534e-06 1.18329829e-06 2.44832474e-07 3.07279578e-08 1.19347234e-08 4.73018448e-09 2.99088902e-06 4.38552777e-07 2.44832474e-07 3.04163774e-08 1.27078323e-08 4.73018448e-09 4.36498189e-07 2.48476981e-07 2.99088902e-06 1.25574623e-08 5.11603249e-09 3.04163774e-08
"ATLAS (C/2025 N1)" 2460841.5 "A.D. 2025-Jun-15 00:00:00.0000" 12.5 0.4963424786317783 4.5 -5.01502997176704 0.3125727256691846 -0.01383465059737469 0.03232530165120713 -0.001456871225248258 3.51166394e-07 2.96756637e-06 2.99439211e-07 1.39447479e-08 2.97913731e-08 4.91539105e-09 2.75180642e-06 1.17854949e-06 2.40861695e-07 3.06836042e-08 1.1930848e-08 4.72379826e-09 2.96226733e-06 4.3172879e-07 2.40861695e-07 3.03794502e-08 1.26853344e-08 4.72379826e-09 4.2977121e-07 2.44337494e-07 2.96226733e-06 1.25356961e-08 5.10767106e-09 3.03794502e-08
"ATLAS (C/2025 N1)" 2460842.5 "A.D. 2025-Jun-16 00:00:00.0000" 12.5 0.4825072587623558 4.5 -4.98269888373341 0.3111154935016028 -0.01383578758085648 0.03233690059539555 -0.001457594958297409 3.41607045e-07 2.93923165e-06 2.96125131e-07 1.38872012e-08 2.97707796e-08 4.90792795e-09 2.72202389e-06 1.17384897e-06 2.36923378e-07 3.0638715e-08 1.19271765e-08 4.71731229e-09 2.93371229e-06 4.25050191e-07 2.36923378e-07 3.03421914e-08 1.2662536e-08 4.71731229e-09 4.23186248e-07 2.40236865e-07 2.93371229e-06 1.251364e-08 5.09918306e-09 3.03421914e-08
"ATLAS (C/2025 N1)" 2460843.5 "A.D. 2025-Jun-17 00:00:00.0000" 12.5 0.4686709067073612 4.5 -4.950356117699819 0.3096575320147407 -0.01383691485136 0.03234865817149974 -0.001458329905128919 3.32367685e-07 2.91093738e-06 2.9285723e-07 1.38291107e-08 2.9749908e-08 4.90035117e-09 2.69229856e-06 1.16919663e-06 2.3301885e-07 3.05932804e-08 1.19237176e-08 4.71072434e-09 2.90522496e-06 4.18521476e-07 2.3301885e-07 3.03045971e-08 1.26394321e-08 4.71072434e-09 4.16747662e-07 2.36176622e-07 2.90522496e-06 1.24912892e-08 5.0905658e-09 3.03045971e-08
"ATLAS (C/2025 N1)" 2460844.5 "A.D. 2025-Jun-18 00:00:00.0000" 12.5 0.4548334325367768 4.5 -4.918001513459982 0.3081988298696703 -0.01383803168930033 0.03236057754160212 -0.001459076317228392 3.23468519e-07 2.88268428e-06 2.89636709e-07 1.37704715e-08 2.97287528e-08 4.89265831e-09 2.66263125e-06 1.16459233e-06 2.29149507e-07 3.05472904e-08 1.19204808e-08 4.70403215e-09 2.87680642e-06 4.12147222e-07 2.29149507e-07 3.02666634e-08 1.26160176e-08 4.70403215e-09 4.10459886e-07 2.32158375e-07 2.87680642e-06 1.2468639e-08 5.08181657e-09 3.02666634e-08
"ATLAS (C/2025 N1)" 2460845.5 "A.D. 2025-Jun-19 00:00:00.0000" 12.5 0.440994847057151 4.5 -4.885634907605084 0.30673937547235 -0.01383913734087685 0.03237266194909461 -0.001459834453379255 3.14930913e-07 2.85447309e-06 2.86464793e-07 1.3711279e-08 2.97073081e-08 4.88484694e-09 2.63302282e-06 1.16003592e-06 2.25316817e-07 3.05007349e-08 1.19174757e-08 4.69723337e-09 2.84845777e-06 4.0593208e-07 2.25316817e-07 3.02283865e-08 1.25922874e-08 4.69723337e-09 4.04327428e-07 2.28183813e-07 2.84845777e-06 1.24456844e-08 5.07293254e-09 3.02283865e-08
"ATLAS (C/2025 N1)" 2460846.5 "A.D. 2025-Jun-20 00:00:00.0000" 12.5 0.4271551618465874 4.5 -4.853256133441209 0.305279156966206 -0.01384023101651346 0.03238491472121975 -0.00146060457990652 3.06777306e-07 2.82630457e-06 2.8334273e-07 1.36515283e-08 2.96855681e-08 4.87691454e-09 2.60347414e-06 1.15552724e-06 2.21522328e-07 3.04536033e-08 1.19147123e-08 4.69032558e-09 2.82018017e-06 3.99880759e-07 2.21522328e-07 3.01897624e-08 1.25682364e-08 4.69032558e-09 3.98354851e-07 2.24254711e-07 2.82018017e-06 1.24224204e-08 5.06391084e-09 3.01897624e-08
"ATLAS (C/2025 N1)" 2460847.5 "A.D. 2025-Jun-21 00:00:00.0000" 12.5 0.4133143892913344 4.5 -4.820865020904189 0.3038181622244609 -0.01384131188921462 0.03239733927168231 -0.001461386970931917 2.9903109e-07 2.7981795e-06 2.8027179e-07 1.35912152e-08 2.96635267e-08 4.86885853e-09 2.57398609e-06 1.15106612e-06 2.17767666e-07 3.04058849e-08 1.1912201e-08 4.68330632e-09 2.79197478e-06 3.93998009e-07 2.17767666e-07 3.01507871e-08 1.25438593e-08 4.68330632e-09 3.9254676e-07 2.20372932e-07 2.79197478e-06 1.2398842e-08 5.0547485e-09 3.01507871e-08
"ATLAS (C/2025 N1)" 2460848.5 "A.D. 2025-Jun-22 00:00:00.0000" 12.5 0.3994725426240647 4.5 -4.788461396471801 0.3023563788422071 -0.01384237909283037 0.03240993910333761 -0.001462181908640948 2.91716422e-07 2.77009868e-06 2.77253264e-07 1.35303351e-08 2.96411776e-08 4.86067629e-09 2.54455959e-06 1.14665236e-06 2.14054545e-07 3.03575688e-08 1.19099527e-08 4.67617304e-09 2.76384282e-06 3.88288608e-07 2.14054545e-07 3.01114566e-08 1.25191508e-08 4.67617304e-09 3.86907782e-07 2.16540434e-07 2.76384282e-06 1.23749441e-08 5.04544249e-09 3.01114566e-08
"ATLAS (C/2025 N1)" 2460849.5 "A.D. 2025-Jun-23 00:00:00.0000" 12.5 0.3856296359639375 4.5 -4.756045083073243 0.3008937941282039 -0.01384343172022429 0.03242271781096207 -0.001462989683562105 2.84857971e-07 2.74206293e-06 2.74288461e-07 1.34688838e-08 2.96185145e-08 4.8523651e-09 2.51519557e-06 1.14228578e-06 2.10384766e-07 3.03086436e-08 1.19079787e-08 4.66892311e-09 2.73578552e-06 3.82757335e-07 2.10384766e-07 3.00717669e-08 1.24941054e-08 4.66892311e-09 3.81442552e-07 2.1275927e-07 2.73578552e-06 1.23507215e-08 5.03598969e-09 3.00717669e-08
"ATLAS (C/2025 N1)" 2460850.5 "A.D. 2025-Jun-24 00:00:00.0000" 12.5 0.3717856843585432 4.5 -4.723615899995788 0.2994303950963901 -0.01384446882133864 0.03243567908411166 -0.001463810594858774 2.78480592e-07 2.7140731e-06 2.71378709e-07 1.34068575e-08 2.95955308e-08 4.8439222e-09 2.48589499e-06 1.13796614e-06 2.06760224e-07 3.02590979e-08 1.19062908e-08 4.66155384e-09 2.70780415e-06 3.77408952e-07 2.06760224e-07 3.0031714e-08 1.24687177e-08 4.66155384e-09 3.76155686e-07 2.09031593e-07 2.70780415e-06 1.23261689e-08 5.0263869e-09 3.0031714e-08
"ATLAS (C/2025 N1)" 2460851.5 "A.D. 2025-Jun-25 00:00:00.0000" 12.5 0.3579407038278375 4.5 -4.691173662788535 0.2979661684570963 -0.01384548940115091 0.03244882671007353 -0.001464644950634013 2.7260892e-07 2.68613006e-06 2.68525352e-07 1.33442523e-08 2.95722196e-08 4.83534473e-09 2.45665882e-06 1.13369323e-06 2.03182913e-07 3.02089198e-08 1.19049012e-08 4.65406245e-09 2.67990003e-06 3.72248176e-07 2.03182913e-07 2.99912937e-08 1.24429822e-08 4.65406245e-09 3.71051762e-07 2.05359661e-07 2.67990003e-06 1.23012812e-08 5.01663083e-09 2.99912937e-08
"ATLAS (C/2025 N1)" 2460852.5 "A.D. 2025-Jun-26 00:00:00.0000" 12.5 0.344094711410175 4.5 -4.658718183163167 0.2965011006079484 -0.01384649241751621 0.03246216457691564 -0.001465493068248764 2.67266888e-07 2.65823471e-06 2.65729746e-07 1.32810646e-08 2.95485742e-08 4.82662978e-09 2.42748807e-06 1.1294668e-06 1.99654926e-07 3.0158097e-08 1.19038225e-08 4.64644608e-09 2.65207451e-06 3.67279649e-07 1.99654926e-07 2.9950502e-08 1.24168933e-08 4.64644608e-09 3.66135286e-07 2.01745837e-07 2.65207451e-06 1.22760529e-08 5.00671811e-09 2.9950502e-08
"ATLAS (C/2025 N1)" 2460853.5 "A.D. 2025-Jun-27 00:00:00.0000" 12.5 0.3302477252105604 4.5 -4.626249268891602 0.2950351776244459 -0.01384747677888939 0.03247569667663922 -0.001466355274653835 2.6247718e-07 2.63038796e-06 2.62993258e-07 1.32172912e-08 2.95245873e-08 4.81777436e-09 2.39838376e-06 1.12528659e-06 1.96178463e-07 3.01066173e-08 1.19030681e-08 4.6387018e-09 2.62432898e-06 3.62507913e-07 1.96178463e-07 2.99093347e-08 1.23904453e-08 4.6387018e-09 3.61410668e-07 1.98192596e-07 2.62432898e-06 1.22504785e-08 4.99664526e-09 2.99093347e-08
"ATLAS (C/2025 N1)" 2460854.5 "A.D. 2025-Jun-28 00:00:00.0000" 12.5 0.3163997644512398 4.5 -4.593766723700427 0.2935683852501965 -0.01384844134192098 0.03248942710843905 -0.001467231906736185 2.58260621e-07 2.60259078e-06 2.60317265e-07 1.31529291e-08 2.95002516e-08 4.8087754e-09 2.36934696e-06 1.12115233e-06 1.92755832e-07 3.00544678e-08 1.19026517e-08 4.63082658e-09 2.59666486e-06 3.57937369e-07 1.92755832e-07 2.98677878e-08 1.23636324e-08 4.63082658e-09 3.56882191e-07 1.94702523e-07 2.59666486e-06 1.22245527e-08 4.98640872e-09 2.98677878e-08
"ATLAS (C/2025 N1)" 2460855.5 "A.D. 2025-Jun-29 00:00:00.0000" 12.5 0.3025508495247626 4.5 -4.561270347162044 0.292100708886805 -0.01384938490892 0.0325033600820753 -0.001468123311680057 2.54635545e-07 2.57484412e-06 2.57703147e-07 1.30879757e-08 2.94755596e-08 4.79962975e-09 2.34037875e-06 1.11706373e-06 1.89389454e-07 3.00016355e-08 1.19025877e-08 4.62281729e-09 2.56908364e-06 3.53572248e-07 1.89389454e-07 2.98258571e-08 1.2336449e-08 4.62281729e-09 3.52553975e-07 1.91278318e-07 2.56908364e-06 1.21982699e-08 4.97600484e-09 2.98258571e-08
"ATLAS (C/2025 N1)" 2460856.5 "A.D. 2025-Jun-30 00:00:00.0000" 12.5 0.2887010020496491 4.5 -4.528759934582364 0.2906321335833856 -0.01385030622517694 0.03251749992136192 -0.001469029847343426 2.51617161e-07 2.54714901e-06 2.55152288e-07 1.30224286e-08 2.94505034e-08 4.79033419e-09 2.31148023e-06 1.1130205e-06 1.86081864e-07 2.99481068e-08 1.19028909e-08 4.61467074e-09 2.54158682e-06 3.49416571e-07 1.86081864e-07 2.97835385e-08 1.23088891e-08 4.61467074e-09 3.4842994e-07 1.87922795e-07 2.54158682e-06 1.21716245e-08 4.96542985e-09 2.97835385e-08
"ATLAS (C/2025 N1)" 2460857.5 "A.D. 2025-Jul-01 00:00:00.0000" 12.5 0.2748502449288093 4.5 -4.496235276884959 0.2891626440256967 -0.0138512039761388 0.03253185106777563 -0.001469951882650548 2.4921696e-07 2.51950646e-06 2.52666068e-07 1.29562861e-08 2.94250752e-08 4.78088541e-09 2.28265255e-06 1.10902231e-06 1.82835716e-07 2.98938681e-08 1.1903577e-08 4.6063836e-09 2.51417597e-06 3.45474108e-07 1.82835716e-07 2.97408278e-08 1.22809469e-08 4.6063836e-09 3.44513775e-07 1.84638883e-07 2.51417597e-06 1.21446109e-08 4.95467989e-09 2.97408278e-08
"ATLAS (C/2025 N1)" 2460858.5 "A.D. 2025-Jul-02 00:00:00.0000" 12.5 0.2609986024108625 4.5 -4.46369616049154 0.2876922245248696 -0.0138520767844293 0.03254641808419025 -0.001470889798001068 2.47442208e-07 2.49191756e-06 2.50245865e-07 1.28895465e-08 2.93992667e-08 4.77128002e-09 2.25389688e-06 1.10506884e-06 1.79653781e-07 2.98389051e-08 1.19046621e-08 4.59795249e-09 2.4868527e-06 3.41748343e-07 1.79653781e-07 2.96977209e-08 1.22526165e-08 4.59795249e-09 3.40808894e-07 1.81429625e-07 2.4868527e-06 1.21172235e-08 4.94375101e-09 2.96977209e-08
"ATLAS (C/2025 N1)" 2460859.5 "A.D. 2025-Jul-03 00:00:00.0000" 12.5 0.2471461001545197 4.5 -4.431142367198637 0.2862208590057171 -0.0138529232067039 0.03256120565873977 -0.001471843985696622 2.46295549e-07 2.46438339e-06 2.47893044e-07 1.28222091e-08 2.93730694e-08 4.76151453e-09 2.22521441e-06 1.10115975e-06 1.76538952e-07 2.97832033e-08 1.19061631e-08 4.58937388e-09 2.45961867e-06 3.38242428e-07 1.76538952e-07 2.96542136e-08 1.22238919e-08 4.58937388e-09 3.373184e-07 1.78298174e-07 2.45961867e-06 1.20894565e-08 4.93263911e-09 2.96542136e-08
"ATLAS (C/2025 N1)" 2460860.5 "A.D. 2025-Jul-04 00:00:00.0000" 12.5 0.2332927652961952 4.5 -4.398573674050366 0.2847485309946206 -0.01385374173033192 0.03257621860881566 -0.001472814850385489 2.45774776e-07 2.43690509e-06 2.45608957e-07 1.27542733e-08 2.93464747e-08 4.75158539e-09 2.19660639e-06 1.09729466e-06 1.73494239e-07 2.97267478e-08 1.19080976e-08 4.58064417e-09 2.4324756e-06 3.34959149e-07 1.73494239e-07 2.96103019e-08 1.21947671e-08 4.58064417e-09 3.34045049e-07 1.7524779e-07 2.4324756e-06 1.20613042e-08 4.92134001e-09 2.96103019e-08
"ATLAS (C/2025 N1)" 2460861.5 "A.D. 2025-Jul-05 00:00:00.0000" 12.5 0.2194386265210281 4.5 -4.365989853207099 0.2832752236069438 -0.01385453076989485 0.03259146188520213 -0.001473802809526198 2.45872773e-07 2.40948384e-06 2.43394937e-07 1.26857392e-08 2.93194735e-08 4.74148894e-09 2.16807407e-06 1.09347321e-06 1.70522772e-07 2.96695234e-08 1.19104837e-08 4.57175962e-09 2.40542526e-06 3.31900878e-07 1.70522772e-07 2.95659816e-08 1.21652361e-08 4.57175962e-09 3.30991205e-07 1.72281836e-07 2.40542526e-06 1.20327608e-08 4.90984941e-09 2.95659816e-08
"ATLAS (C/2025 N1)" 2460862.5 "A.D. 2025-Jul-06 00:00:00.0000" 12.5 0.2055837141375015 4.5 -4.333390671809951 0.2818009195339868 -0.01385528866349109 0.03260694057635376 -0.001474808293870894 2.46577637e-07 2.38212082e-06 2.41252292e-07 1.26166078e-08 2.92920568e-08 4.73122142e-09 2.13961877e-06 1.08969501e-06 1.67627795e-07 2.96115142e-08 1.19133407e-08 4.5627164e-09 2.37846946e-06 3.29069542e-07 1.67627795e-07 2.95212487e-08 1.21352927e-08 4.5627164e-09 3.28158809e-07 1.69403769e-07 2.37846946e-06 1.20038207e-08 4.89816288e-09 2.95212487e-08
"ATLAS (C/2025 N1)" 2460863.5 "A.D. 2025-Jul-07 00:00:00.0000" 12.5 0.1917280601558581 4.5 -4.300775891840915 0.2803256010294431 -0.01385601366883478 0.03262265991282033 -0.001475831747969381 2.47872985e-07 2.35481729e-06 2.39182303e-07 1.25468804e-08 2.92642149e-08 4.720779e-09 2.11124183e-06 1.08595966e-06 1.6481266e-07 2.95527041e-08 1.19166882e-08 4.55351056e-09 2.35161009e-06 3.26466582e-07 1.6481266e-07 2.94760992e-08 1.21049311e-08 4.55351056e-09 3.25549344e-07 1.66617127e-07 2.35161009e-06 1.1974478e-08 4.88627586e-09 2.94760992e-08
