estimation/data/3I-Ephemeris-Uncertainty.ecsv
# %ECSV 1.0
# ---
# datatype:
# - {name: targetname, unit: '---', datatype: string}
# - {name: datetime_jd, unit: d, datatype: float64}
# - {name: datetime_str, unit: '---', datatype: string}
# - {name: M1, unit: mag, datatype: float64}
# - {name: x, unit: AU, datatype: float64}
# - {name: k1, unit: '---', datatype: float64}
# - {name: y, unit: AU, datatype: float64}
# - {name: z, unit: AU, datatype: float64}
# - {name: vx, unit: AU / d, datatype: float64}
# - {name: vy, unit: AU / d, datatype: float64}
# - {name: vz, unit: AU / d, datatype: float64}
# - {name: x_s, unit: AU, datatype: float64}
# - {name: y_s, unit: AU, datatype: float64}
# - {name: z_s, unit: AU, datatype: float64}
# - {name: vx_s, unit: AU / d, datatype: float64}
# - {name: vy_s, unit: AU / d, datatype: float64}
# - {name: vz_s, unit: AU / d, datatype: float64}
# - {name: a_s_1, unit: AU, datatype: float64}
# - {name: c_s, unit: AU, datatype: float64}
# - {name: n_s_1, unit: AU, datatype: float64}
# - {name: va_s, unit: AU / d, datatype: float64}
# - {name: vc_s, unit: AU / d, datatype: float64}
# - {name: vn_s_1, unit: AU / d, datatype: float64}
# - {name: r_s_1, unit: AU, datatype: float64}
# - {name: t_s, unit: AU, datatype: float64}
# - {name: n_s_2, unit: AU, datatype: float64}
# - {name: vr_s_1, unit: AU / d, datatype: float64}
# - {name: vt_s, unit: AU / d, datatype: float64}
# - {name: vn_s_2, unit: AU / d, datatype: float64}
# - {name: a_s_2, unit: AU, datatype: float64}
# - {name: d_s, unit: AU, datatype: float64}
# - {name: r_s_2, unit: AU, datatype: float64}
# - {name: va_ra_s, unit: AU / d, datatype: float64}
# - {name: va_dec_s, unit: AU / d, datatype: float64}
# - {name: vr_s_2, unit: AU / d, datatype: float64}
# schema: astropy-2.0
targetname datetime_jd datetime_str M1 x k1 y z vx vy vz x_s y_s z_s vx_s vy_s vz_s a_s_1 c_s n_s_1 va_s vc_s vn_s_1 r_s_1 t_s n_s_2 vr_s_1 vt_s vn_s_2 a_s_2 d_s r_s_2 va_ra_s va_dec_s vr_s_2
[from data line 351]
"ATLAS (C/2025 N1)" 2460661.5 "A.D. 2024-Dec-17 00:00:00.0000" 12.5 2.969198756128341 4.5 -10.72806421202028 0.5685899132164216 -0.013661311408838 0.03139801309261904 -0.00140325781299687 3.31622304e-06 8.39847335e-06 1.16477267e-06 1.9304233e-08 3.14651439e-08 5.46533791e-09 8.63133043e-06 2.67359151e-06 1.11374535e-06 3.45472364e-08 1.31171645e-08 5.19683217e-09 8.70121374e-06 2.43656235e-06 1.11374535e-06 3.40128301e-08 1.44464159e-08 5.19683217e-09 2.40223444e-06 1.18597407e-06 8.70121374e-06 1.4242011e-08 5.73333424e-09 3.40128301e-08
"ATLAS (C/2025 N1)" 2460662.5 "A.D. 2024-Dec-18 00:00:00.0000" 12.5 2.955537124931529 4.5 -10.69666505575596 0.5671865945710899 -0.01366195145449972 0.03140030181886494 -0.001403379613272983 3.29715376e-06 8.36733895e-06 1.15943904e-06 1.92890711e-08 3.1460885e-08 5.46411516e-09 8.59699778e-06 2.66280674e-06 1.10859024e-06 3.45368533e-08 1.31118916e-08 5.19578342e-09 8.66741514e-06 2.42380392e-06 1.10859024e-06 3.40019444e-08 1.44424276e-08 5.19578342e-09 2.38968364e-06 1.18034311e-06 8.66741514e-06 1.4238141e-08 5.73194735e-09 3.40019444e-08
"ATLAS (C/2025 N1)" 2460663.5 "A.D. 2024-Dec-19 00:00:00.0000" 12.5 2.941874852276425 4.5 -10.66526360359465 0.5657831537173662 -0.01366259432889585 0.03140260490886678 -0.001403502231087663 3.27810071e-06 8.3362106e-06 1.15410769e-06 1.92738247e-08 3.14566004e-08 5.46288397e-09 8.56267661e-06 2.6520394e-06 1.10343654e-06 3.45264104e-08 1.31065985e-08 5.19472745e-09 8.63362978e-06 2.41105383e-06 1.10343654e-06 3.3991002e-08 1.44384114e-08 5.19472745e-09 2.37714105e-06 1.17471408e-06 8.63362978e-06 1.4234244e-08 5.73055082e-09 3.3991002e-08
"ATLAS (C/2025 N1)" 2460664.5 "A.D. 2024-Dec-20 00:00:00.0000" 12.5 2.928211935323939 4.5 -10.6338598411056 0.5643795898337621 -0.01366324005267025 0.03140492249679981 -0.001403625674368867 3.25906398e-06 8.30508833e-06 1.14877861e-06 1.92584931e-08 3.14522901e-08 5.46164426e-09 8.52836699e-06 2.64128961e-06 1.09828425e-06 3.45159072e-08 1.3101285e-08 5.19366418e-09 8.59985774e-06 2.39831215e-06 1.09828425e-06 3.39800025e-08 1.44343669e-08 5.19366418e-09 2.36460675e-06 1.169087e-06 8.59985774e-06 1.42303197e-08 5.72914454e-09 3.39800025e-08
"ATLAS (C/2025 N1)" 2460665.5 "A.D. 2024-Dec-21 00:00:00.0000" 12.5 2.914548371214552 4.5 -10.60245375372326 0.5629759020907672 -0.01366388864602894 0.03140725471813739 -0.001403749951235834 3.24004367e-06 8.2739722e-06 1.14345185e-06 1.92430757e-08 3.14479536e-08 5.46039594e-09 8.49406897e-06 2.6305575e-06 1.0931334e-06 3.45053432e-08 1.3095951e-08 5.19259354e-09 8.56609909e-06 2.38557895e-06 1.0931334e-06 3.39689456e-08 1.44302939e-08 5.19259354e-09 2.35208077e-06 1.1634619e-06 8.56609909e-06 1.42263677e-08 5.72772843e-09 3.39689456e-08
"ATLAS (C/2025 N1)" 2460666.5 "A.D. 2024-Dec-22 00:00:00.0000" 12.5 2.900884157068756 4.5 -10.5710453267459 0.561572089650663 -0.01366454012874852 0.03140960170981036 -0.001403875069989135 3.22103987e-06 8.24286225e-06 1.13812741e-06 1.92275716e-08 3.14435908e-08 5.45913891e-09 8.45978264e-06 2.61984319e-06 1.08798399e-06 3.44947179e-08 1.30905965e-08 5.19151545e-09 8.53235391e-06 2.37285428e-06 1.08798399e-06 3.39578306e-08 1.44261921e-08 5.19151545e-09 2.33956319e-06 1.15783877e-06 8.53235391e-06 1.42223877e-08 5.72630237e-09 3.39578306e-08
"ATLAS (C/2025 N1)" 2460667.5 "A.D. 2024-Dec-23 00:00:00.0000" 12.5 2.887219289987472 4.5 -10.53963454533404 0.5601681516673394 -0.01366519452020611 0.03141196361034478 -0.001404001039100642 3.20205269e-06 8.21175851e-06 1.13280532e-06 1.92119801e-08 3.14392015e-08 5.45787309e-09 8.42550807e-06 2.6091468e-06 1.08283603e-06 3.44840307e-08 1.30852214e-08 5.19042984e-09 8.4986223e-06 2.3601382e-06 1.08283603e-06 3.39466572e-08 1.44220613e-08 5.19042984e-09 2.32705408e-06 1.15221765e-06 8.4986223e-06 1.42183796e-08 5.72486627e-09 3.39466572e-08
"ATLAS (C/2025 N1)" 2460668.5 "A.D. 2024-Dec-24 00:00:00.0000" 12.5 2.873553767052421 4.5 -10.50822139450886 0.5587640872861326 -0.01366585183942237 0.03141434055997825 -0.001404127867204091 3.18308222e-06 8.18066103e-06 1.12748561e-06 1.91963006e-08 3.14347853e-08 5.4565984e-09 8.39124533e-06 2.59846845e-06 1.07768953e-06 3.4473281e-08 1.30798256e-08 5.18933663e-09 8.46490432e-06 2.34743079e-06 1.07768953e-06 3.3935425e-08 1.4417901e-08 5.18933663e-09 2.31455348e-06 1.14659855e-06 8.46490432e-06 1.4214343e-08 5.72342002e-09 3.3935425e-08
"ATLAS (C/2025 N1)" 2460669.5 "A.D. 2024-Dec-25 00:00:00.0000" 12.5 2.859887585326467 4.5 -10.47680585915039 0.5573598956436734 -0.01366651210511191 0.03141673270075646 -0.001404255563086677 3.16412856e-06 8.14956986e-06 1.12216829e-06 1.91805323e-08 3.14303421e-08 5.45531473e-09 8.35699448e-06 2.58780827e-06 1.07254452e-06 3.44624683e-08 1.3074409e-08 5.18823575e-09 8.43120006e-06 2.33473209e-06 1.07254452e-06 3.39241334e-08 1.44137111e-08 5.18823575e-09 2.30206146e-06 1.14098148e-06 8.43120006e-06 1.42102777e-08 5.72196352e-09 3.39241334e-08
"ATLAS (C/2025 N1)" 2460670.5 "A.D. 2024-Dec-26 00:00:00.0000" 12.5 2.846220741853884 4.5 -10.44538792399568 0.5559555758677243 -0.01366717533573582 0.03141914017661217 -0.001404384135681921 3.14519182e-06 8.11848503e-06 1.11685339e-06 1.91646744e-08 3.14258715e-08 5.45402199e-09 8.32275561e-06 2.57716638e-06 1.067401e-06 3.44515921e-08 1.30689716e-08 5.18712711e-09 8.3975096e-06 2.32204219e-06 1.067401e-06 3.39127819e-08 1.44094912e-08 5.18712711e-09 2.28957809e-06 1.13536646e-06 8.3975096e-06 1.42061833e-08 5.72049666e-09 3.39127819e-08
"ATLAS (C/2025 N1)" 2460671.5 "A.D. 2024-Dec-27 00:00:00.0000" 12.5 2.832553233660596 4.5 -10.41396757363687 0.5545511270770482 -0.01366784154955341 0.03142156313342968 -0.001404513594063939 3.1262721e-06 8.0874066e-06 1.11154094e-06 1.91487262e-08 3.14213734e-08 5.4527201e-09 8.28852879e-06 2.56654291e-06 1.06225899e-06 3.44406517e-08 1.30635133e-08 5.18601063e-09 8.36383303e-06 2.30936114e-06 1.06225899e-06 3.39013702e-08 1.4405241e-08 5.18601063e-09 2.27710343e-06 1.12975351e-06 8.36383303e-06 1.42020595e-08 5.71901933e-09 3.39013702e-08
"ATLAS (C/2025 N1)" 2460672.5 "A.D. 2024-Dec-28 00:00:00.0000" 12.5 2.818885057754343 4.5 -10.38254479251922 0.5531465483812654 -0.01366851076467072 0.03142400171909766 -0.001404643947442968 3.1073695e-06 8.05633461e-06 1.10623095e-06 1.91326868e-08 3.14168474e-08 5.45140895e-09 8.25431408e-06 2.55593799e-06 1.05711849e-06 3.44296467e-08 1.3058034e-08 5.18488624e-09 8.33017044e-06 2.29668902e-06 1.05711849e-06 3.38898977e-08 1.44009603e-08 5.18488624e-09 2.26463755e-06 1.12414265e-06 8.33017044e-06 1.4197906e-08 5.71753143e-09 3.38898977e-08
"ATLAS (C/2025 N1)" 2460673.5 "A.D. 2024-Dec-29 00:00:00.0000" 12.5 2.805216211124821 4.5 -10.3511195649391 0.5517418388807172 -0.01366918299908486 0.03142645608355275 -0.001404775205162135 3.08848413e-06 8.0252691e-06 1.10092345e-06 1.91165556e-08 3.14122934e-08 5.45008844e-09 8.22011158e-06 2.54535175e-06 1.05197953e-06 3.44185763e-08 1.30525337e-08 5.18375384e-09 8.2965219e-06 2.28402588e-06 1.05197953e-06 3.38783639e-08 1.43966486e-08 5.18375384e-09 2.25218052e-06 1.11853389e-06 8.2965219e-06 1.41937226e-08 5.71603284e-09 3.38783639e-08
"ATLAS (C/2025 N1)" 2460674.5 "A.D. 2024-Dec-30 00:00:00.0000" 12.5 2.791546690743765 4.5 -10.31969187504187 0.5503369976663376 -0.01366985827072338 0.03142892637881649 -0.001404907376695327 3.06961609e-06 7.99421012e-06 1.09561847e-06 1.91003317e-08 3.14077109e-08 5.44875849e-09 8.18592134e-06 2.53478432e-06 1.04684211e-06 3.44074401e-08 1.30470122e-08 5.18261336e-09 8.2628875e-06 2.27137181e-06 1.04684211e-06 3.38667684e-08 1.43923056e-08 5.18261336e-09 2.2397324e-06 1.11292726e-06 8.2628875e-06 1.41895089e-08 5.71452345e-09 3.38667684e-08
"ATLAS (C/2025 N1)" 2460675.5 "A.D. 2024-Dec-31 00:00:00.0000" 12.5 2.777876493565002 4.5 -10.28826170681984 0.5489320238195227 -0.01367053659747869 0.03143141275902733 -0.001405040471645945 3.05076548e-06 7.96315772e-06 1.09031603e-06 1.90840143e-08 3.14030998e-08 5.44741898e-09 8.15174346e-06 2.52423583e-06 1.04170626e-06 3.43962375e-08 1.30414694e-08 5.18146472e-09 8.22926734e-06 2.25872686e-06 1.04170626e-06 3.38551106e-08 1.43879311e-08 5.18146472e-09 2.22729325e-06 1.10732276e-06 8.22926734e-06 1.41852647e-08 5.71300315e-09 3.38551106e-08
"ATLAS (C/2025 N1)" 2460676.5 "A.D. 2025-Jan-01 00:00:00.0000" 12.5 2.764205616524472 4.5 -10.2568290441101 0.5475269164119978 -0.01367121799723771 0.03143391538046923 -0.001405174499746524 3.03193243e-06 7.93211193e-06 1.08501616e-06 1.90676027e-08 3.13984598e-08 5.44606983e-09 8.11757801e-06 2.51370641e-06 1.03657197e-06 3.43849678e-08 1.30359054e-08 5.18030781e-09 8.19566149e-06 2.2460911e-06 1.03657197e-06 3.38433901e-08 1.43835248e-08 5.18030781e-09 2.21486315e-06 1.10172043e-06 8.19566149e-06 1.41809895e-08 5.71147182e-09 3.38433901e-08
"ATLAS (C/2025 N1)" 2460677.5 "A.D. 2025-Jan-02 00:00:00.0000" 12.5 2.750534056540224 4.5 -10.22539387059237 0.5461216745056939 -0.01367190248790696 0.03143643440159832 -0.001405309470858958 3.01311702e-06 7.90107282e-06 1.07971887e-06 1.9051096e-08 3.13937906e-08 5.44471092e-09 8.08342505e-06 2.50319619e-06 1.03143928e-06 3.43736304e-08 1.30303201e-08 5.17914256e-09 8.16207006e-06 2.23346462e-06 1.03143928e-06 3.38316064e-08 1.43790862e-08 5.17914256e-09 2.20244218e-06 1.09612027e-06 8.16207006e-06 1.41766831e-08 5.70992935e-09 3.38316064e-08
"ATLAS (C/2025 N1)" 2460678.5 "A.D. 2025-Jan-03 00:00:00.0000" 12.5 2.736861810512373 4.5 -10.19395616978681 0.5447162971526142 -0.01367259008743367 0.03143896998306828 -0.001405445394975317 2.99431939e-06 7.87004043e-06 1.07442421e-06 1.90344934e-08 3.1389092e-08 5.44334215e-09 8.04928469e-06 2.49270532e-06 1.02630819e-06 3.43622248e-08 1.30247132e-08 5.17796888e-09 8.12849311e-06 2.22084748e-06 1.02630819e-06 3.38197589e-08 1.4374615e-08 5.17796888e-09 2.19003039e-06 1.09052231e-06 8.12849311e-06 1.41723451e-08 5.70837561e-09 3.38197589e-08
"ATLAS (C/2025 N1)" 2460679.5 "A.D. 2025-Jan-04 00:00:00.0000" 12.5 2.72318887532307 4.5 -10.16251592505185 0.5433107833947025 -0.01367328081382344 0.03144152228775532 -0.00140558228221908 2.97553963e-06 7.8390148e-06 1.06913218e-06 1.90177941e-08 3.13843635e-08 5.44196343e-09 8.01515699e-06 2.48223393e-06 1.02117872e-06 3.43507502e-08 1.30190849e-08 5.17678668e-09 8.09493076e-06 2.20823975e-06 1.02117872e-06 3.38078471e-08 1.43701109e-08 5.17678668e-09 2.17762786e-06 1.08492657e-06 8.09493076e-06 1.41679753e-08 5.70681049e-09 3.38078471e-08
"ATLAS (C/2025 N1)" 2460680.5 "A.D. 2025-Jan-05 00:00:00.0000" 12.5 2.709515247836414 4.5 -10.13107311958188 0.5419051322637163 -0.01367397468515448 0.03144409148078334 -0.001405720142846777 2.95677785e-06 7.80799599e-06 1.06384283e-06 1.90009972e-08 3.13796051e-08 5.44057463e-09 7.98104203e-06 2.47178215e-06 1.01605088e-06 3.43392061e-08 1.3013435e-08 5.17559587e-09 8.06138308e-06 2.19564151e-06 1.01605088e-06 3.37958705e-08 1.43655736e-08 5.17559587e-09 2.16523467e-06 1.07933306e-06 8.06138308e-06 1.41635732e-08 5.70523386e-09 3.37958705e-08
"ATLAS (C/2025 N1)" 2460681.5 "A.D. 2025-Jan-06 00:00:00.0000" 12.5 2.695840924898393 4.5 -10.09962773640506 0.5404993427810859 -0.01367467171958954 0.03144667772954948 -0.001405858987249913 2.93803418e-06 7.77698405e-06 1.05855618e-06 1.89841018e-08 3.13748163e-08 5.43917565e-09 7.9469399e-06 2.46135012e-06 1.01092469e-06 3.43275918e-08 1.30077635e-08 5.17439635e-09 8.02785018e-06 2.18305283e-06 1.01092469e-06 3.37838286e-08 1.43610027e-08 5.17439635e-09 2.15285088e-06 1.07374181e-06 8.02785018e-06 1.41591385e-08 5.7036456e-09 3.37838286e-08
"ATLAS (C/2025 N1)" 2460682.5 "A.D. 2025-Jan-07 00:00:00.0000" 12.5 2.682165903336781 4.5 -10.068179758381 0.5390934139577834 -0.01367537193538533 0.03144928120375059 -0.001405998825957099 2.91930872e-06 7.74597902e-06 1.05327225e-06 1.89671072e-08 3.13699968e-08 5.43776639e-09 7.91285067e-06 2.45093799e-06 1.00580016e-06 3.43159067e-08 1.30020702e-08 5.17318803e-09 7.99433214e-06 2.1704738e-06 1.00580016e-06 3.37717208e-08 1.43563979e-08 5.17318803e-09 2.14047658e-06 1.06815284e-06 7.99433214e-06 1.4154671e-08 5.70204559e-09 3.37717208e-08
"ATLAS (C/2025 N1)" 2460683.5 "A.D. 2025-Jan-08 00:00:00.0000" 12.5 2.66849017996105 4.5 -10.03672916819844 0.537687344794182 -0.01367607535090038 0.03145190207541015 -0.001406139669636426 2.9006016e-06 7.71498095e-06 1.04799108e-06 1.89500124e-08 3.13651465e-08 5.43634673e-09 7.87877444e-06 2.4405459e-06 1.00067731e-06 3.43041502e-08 1.29963552e-08 5.17197081e-09 7.96082905e-06 2.15790448e-06 1.00067731e-06 3.37595466e-08 1.43517587e-08 5.17197081e-09 2.12811184e-06 1.06256616e-06 7.96082905e-06 1.41501702e-08 5.70043369e-09 3.37595466e-08
"ATLAS (C/2025 N1)" 2460684.5 "A.D. 2025-Jan-09 00:00:00.0000" 12.5 2.654813751562254 4.5 -10.00527594837293 0.5362811342799176 -0.01367678198460046 0.03145454051890718 -0.001406281529098 2.88191292e-06 7.6839899e-06 1.04271269e-06 1.89328166e-08 3.13602648e-08 5.43491655e-09 7.84471128e-06 2.43017398e-06 9.95556159e-07 3.42923214e-08 1.29906183e-08 5.17074461e-09 7.92734102e-06 2.14534496e-06 9.95556159e-07 3.37473055e-08 1.43470849e-08 5.17074461e-09 2.11575673e-06 1.0569818e-06 7.92734102e-06 1.41456358e-08 5.69880979e-09 3.37473055e-08
"ATLAS (C/2025 N1)" 2460685.5 "A.D. 2025-Jan-10 00:00:00.0000" 12.5 2.641136614912929 4.5 -9.973820081244448 0.5348747813937417 -0.01367749185506345 0.03145719671100546 -0.00140642441529659 2.86324281e-06 7.65300593e-06 1.03743712e-06 1.89155189e-08 3.13553517e-08 5.43347575e-09 7.81066128e-06 2.41982238e-06 9.90436716e-07 3.42804199e-08 1.29848595e-08 5.16950931e-09 7.89386813e-06 2.13279531e-06 9.90436716e-07 3.37349969e-08 1.4342376e-08 5.16950931e-09 2.10341133e-06 1.05139977e-06 7.89386813e-06 1.41410674e-08 5.69717374e-09 3.37349969e-08
"ATLAS (C/2025 N1)" 2460686.5 "A.D. 2025-Jan-11 00:00:00.0000" 12.5 2.627458766766976 4.5 -9.942361548975013 0.5334682851033791 -0.0136782049809829 0.03145987083088411 -0.001406568339334378 2.84459138e-06 7.62202907e-06 1.03216438e-06 1.88981183e-08 3.13504067e-08 5.43202421e-09 7.77662452e-06 2.40949125e-06 9.85318998e-07 3.42684449e-08 1.29790787e-08 5.16826483e-09 7.86041049e-06 2.12025562e-06 9.85318998e-07 3.37226203e-08 1.43376317e-08 5.16826483e-09 2.09107573e-06 1.04582011e-06 7.86041049e-06 1.41364647e-08 5.69552541e-09 3.37226203e-08
"ATLAS (C/2025 N1)" 2460687.5 "A.D. 2025-Jan-12 00:00:00.0000" 12.5 2.613780203859542 4.5 -9.910900333546236 0.5320616443653775 -0.01367892138117045 0.03146256306016967 -0.001406713312463838 2.82595876e-06 7.59105939e-06 1.02689451e-06 1.8880614e-08 3.13454295e-08 5.43056181e-09 7.7426011e-06 2.39918072e-06 9.80203024e-07 3.42563957e-08 1.29732759e-08 5.16701106e-09 7.8269682e-06 2.10772596e-06 9.80203024e-07 3.3710175e-08 1.43328516e-08 5.16701106e-09 2.07875e-06 1.04024283e-06 7.8269682e-06 1.41318273e-08 5.69386468e-09 3.3710175e-08
"ATLAS (C/2025 N1)" 2460688.5 "A.D. 2025-Jan-13 00:00:00.0000" 12.5 2.600100922906903 4.5 -9.879436416756866 0.5306548581249545 -0.01367964107455741 0.03146527358296888 -0.001406859346090695 2.80734507e-06 7.56009693e-06 1.02162755e-06 1.8863005e-08 3.13404199e-08 5.42908842e-09 7.70859109e-06 2.38889096e-06 9.7508881e-07 3.42442716e-08 1.2967451e-08 5.1657479e-09 7.79354134e-06 2.09520643e-06 9.7508881e-07 3.36976606e-08 1.43280353e-08 5.1657479e-09 2.06643422e-06 1.03466795e-06 7.79354134e-06 1.41271549e-08 5.6921914e-09 3.36976606e-08
