estimation/data/3I-Ephemeris-Uncertainty.ecsv
# %ECSV 1.0
# ---
# datatype:
# - {name: targetname, unit: '---', datatype: string}
# - {name: datetime_jd, unit: d, datatype: float64}
# - {name: datetime_str, unit: '---', datatype: string}
# - {name: M1, unit: mag, datatype: float64}
# - {name: x, unit: AU, datatype: float64}
# - {name: k1, unit: '---', datatype: float64}
# - {name: y, unit: AU, datatype: float64}
# - {name: z, unit: AU, datatype: float64}
# - {name: vx, unit: AU / d, datatype: float64}
# - {name: vy, unit: AU / d, datatype: float64}
# - {name: vz, unit: AU / d, datatype: float64}
# - {name: x_s, unit: AU, datatype: float64}
# - {name: y_s, unit: AU, datatype: float64}
# - {name: z_s, unit: AU, datatype: float64}
# - {name: vx_s, unit: AU / d, datatype: float64}
# - {name: vy_s, unit: AU / d, datatype: float64}
# - {name: vz_s, unit: AU / d, datatype: float64}
# - {name: a_s_1, unit: AU, datatype: float64}
# - {name: c_s, unit: AU, datatype: float64}
# - {name: n_s_1, unit: AU, datatype: float64}
# - {name: va_s, unit: AU / d, datatype: float64}
# - {name: vc_s, unit: AU / d, datatype: float64}
# - {name: vn_s_1, unit: AU / d, datatype: float64}
# - {name: r_s_1, unit: AU, datatype: float64}
# - {name: t_s, unit: AU, datatype: float64}
# - {name: n_s_2, unit: AU, datatype: float64}
# - {name: vr_s_1, unit: AU / d, datatype: float64}
# - {name: vt_s, unit: AU / d, datatype: float64}
# - {name: vn_s_2, unit: AU / d, datatype: float64}
# - {name: a_s_2, unit: AU, datatype: float64}
# - {name: d_s, unit: AU, datatype: float64}
# - {name: r_s_2, unit: AU, datatype: float64}
# - {name: va_ra_s, unit: AU / d, datatype: float64}
# - {name: va_dec_s, unit: AU / d, datatype: float64}
# - {name: vr_s_2, unit: AU / d, datatype: float64}
# schema: astropy-2.0
targetname datetime_jd datetime_str M1 x k1 y z vx vy vz x_s y_s z_s vx_s vy_s vz_s a_s_1 c_s n_s_1 va_s vc_s vn_s_1 r_s_1 t_s n_s_2 vr_s_1 vt_s vn_s_2 a_s_2 d_s r_s_2 va_ra_s va_dec_s vr_s_2
[from data line 701]
"ATLAS (C/2025 N1)" 2461011.5 "A.D. 2025-Dec-02 00:00:00.0000" 12.5 -1.558809947632244 4.5 0.9491130417996424 0.01768907986159553 -0.00548204456734966 0.03755472062198901 -0.002247899982503476 1.64606884e-06 2.66171088e-07 1.98476841e-07 1.42705215e-08 3.17004146e-08 4.84904093e-09 4.30104225e-07 1.61165592e-06 1.9328291e-07 3.29166117e-08 1.12903809e-08 4.5936082e-09 1.47987546e-06 7.69670761e-07 1.9328291e-07 2.67283769e-08 2.22838484e-08 4.5936082e-09 7.69205171e-07 1.9512757e-07 1.47987546e-06 2.22202857e-08 4.89183371e-09 2.67283769e-08
"ATLAS (C/2025 N1)" 2461012.5 "A.D. 2025-Dec-03 00:00:00.0000" 12.5 -1.564254515317764 4.5 0.9866446793298098 0.01544077405520273 -0.005407541752801294 0.03750856239248165 -0.002248688516542667 1.65472693e-06 2.80810857e-07 1.96534831e-07 1.35949349e-08 3.20509734e-08 4.90482872e-09 4.53347943e-07 1.61660239e-06 1.91505199e-07 3.31500667e-08 1.0758249e-08 4.63439889e-09 1.49133354e-06 7.71266442e-07 1.91505199e-07 2.65500975e-08 2.25778468e-08 4.63439889e-09 7.70735483e-07 1.93631043e-07 1.49133354e-06 2.25115502e-08 4.94640514e-09 2.65500975e-08
"ATLAS (C/2025 N1)" 2461013.5 "A.D. 2025-Dec-04 00:00:00.0000" 12.5 -1.569625918417663 4.5 1.024130194693208 0.01319174746581949 -0.00533570077076229 0.03746248824421496 -0.002249343122504029 1.66252512e-06 2.98199154e-07 1.94626498e-07 1.29819405e-08 3.23823582e-08 4.96333671e-09 4.77476344e-07 1.62073754e-06 1.89784483e-07 3.33707726e-08 1.03105583e-08 4.67616709e-09 1.50280748e-06 7.72232809e-07 1.89784483e-07 2.64008521e-08 2.28672492e-08 4.67616709e-09 7.71642606e-07 1.92170108e-07 1.50280748e-06 2.27982117e-08 5.00191643e-09 2.64008521e-08
"ATLAS (C/2025 N1)" 2461014.5 "A.D. 2025-Dec-05 00:00:00.0000" 12.5 -1.574926774879892 4.5 1.061569706638354 0.01094212938004807 -0.005266433860499842 0.03741656632693622 -0.002249873002895132 1.6694764e-06 3.17972994e-07 1.92759351e-07 1.24367503e-08 3.26959325e-08 5.02414436e-09 5.02405036e-07 1.62407265e-06 1.88126634e-07 3.35799254e-08 9.95289698e-09 4.71881698e-09 1.51431488e-06 7.72575734e-07 1.88126634e-07 2.62803621e-08 2.31519787e-08 4.71881698e-09 7.71932597e-07 1.90748423e-07 1.51431488e-06 2.30801936e-08 5.05826224e-09 2.62803621e-08
"ATLAS (C/2025 N1)" 2461015.5 "A.D. 2025-Dec-06 00:00:00.0000" 12.5 -1.580159614997632 4.5 1.09896339858508 0.008692040122423238 -0.005199653551594355 0.03737085790942699 -0.002250286880355023 1.67559542e-06 3.3979296e-07 1.90941342e-07 1.1963982e-08 3.29929907e-08 5.08684968e-09 5.28059841e-07 1.62662054e-06 1.86537698e-07 3.3778624e-08 9.68895935e-09 4.76224367e-09 1.52587399e-06 7.72301829e-07 1.86537698e-07 2.61880415e-08 2.34319837e-08 4.76224367e-09 7.71612218e-07 1.89370042e-07 1.52587399e-06 2.33574451e-08 5.11532798e-09 2.61880415e-08
"ATLAS (C/2025 N1)" 2461016.5 "A.D. 2025-Dec-07 00:00:00.0000" 12.5 -1.585326881922989 4.5 1.136311511970588 0.006441591531674948 -0.005135273099132262 0.03732541783269706 -0.002250593005415304 1.68089832e-06 3.63357978e-07 1.89180838e-07 1.15673735e-08 3.32747534e-08 5.15107384e-09 5.54375673e-07 1.62839533e-06 1.85023875e-07 3.39678717e-08 9.51996485e-09 4.80633648e-09 1.53750362e-06 7.71418401e-07 1.85023875e-07 2.61230372e-08 2.37072344e-08 4.80633648e-09 7.70688889e-07 1.88039412e-07 1.53750362e-06 2.36299381e-08 5.17299309e-09 2.61230372e-08
"ATLAS (C/2025 N1)" 2461017.5 "A.D. 2025-Dec-08 00:00:00.0000" 12.5 -1.590430932582229 4.5 1.173614340045299 0.004190887427693994 -0.005073206852661456 0.03728029495555547 -0.002250799167220492 1.68540243e-06 3.88409725e-07 1.87486583e-07 1.12494722e-08 3.35423639e-08 5.21646426e-09 5.81295437e-07 1.62941231e-06 1.83591496e-07 3.41485785e-08 9.44430338e-09 4.85098184e-09 1.54922284e-06 7.69933399e-07 1.83591496e-07 2.60842712e-08 2.39777203e-08 4.85098184e-09 7.69170639e-07 1.86761361e-07 1.54922284e-06 2.38976638e-08 5.23113402e-09 2.60842712e-08
"ATLAS (C/2025 N1)" 2461018.5 "A.D. 2025-Dec-09 00:00:00.0000" 12.5 -1.595474038929505 4.5 1.210872222108658 0.001940024066560147 -0.005013370565251771 0.03723553258837192 -0.002250912706593079 1.68912614e-06 4.14730993e-07 1.85867658e-07 1.10113479e-08 3.37968873e-08 5.28269643e-09 6.08769013e-07 1.62968771e-06 1.82246999e-07 3.43215654e-08 9.45753375e-09 4.89606574e-09 1.56105088e-06 7.67855381e-07 1.82246999e-07 2.60704828e-08 2.42434471e-08 4.89606574e-09 7.67066073e-07 1.85541085e-07 1.56105088e-06 2.41606299e-08 5.28962672e-09 2.60704828e-08
"ATLAS (C/2025 N1)" 2461019.5 "A.D. 2025-Dec-10 00:00:00.0000" 12.5 -1.600458389482253 4.5 1.248085538171428 -0.0003109094184428431 -0.004955681648776795 0.03719116891180833 -0.00225094053090598 1.69208867e-06 4.42141174e-07 1.84333429e-07 1.085239e-08 3.40393111e-08 5.34947473e-09 6.36752332e-07 1.62923856e-06 1.8099689e-07 3.44875694e-08 9.55276517e-09 4.9414758e-09 1.57300692e-06 7.65193467e-07 1.8099689e-07 2.60802697e-08 2.45044343e-08 4.9414758e-09 7.64384333e-07 1.84384127e-07 1.57300692e-06 2.44188584e-08 5.34834884e-09 2.60802697e-08
"ATLAS (C/2025 N1)" 2461020.5 "A.D. 2025-Dec-11 00:00:00.0000" 12.5 -1.60538609108742 4.5 1.285254704028169 -0.00256183059139035 -0.004900059381233174 0.03714723737813492 -0.002250889130296286 1.69430991e-06 4.70490858e-07 1.82893498e-07 1.07702413e-08 3.42705468e-08 5.41653237e-09 6.6520657e-07 1.62808254e-06 1.79847712e-07 3.46472483e-08 9.72133172e-09 4.98710291e-09 1.58510997e-06 7.61957306e-07 1.79847712e-07 2.61121272e-08 2.47607132e-08 4.98710291e-09 7.61135063e-07 1.83296348e-07 1.58510997e-06 2.46723834e-08 5.40718143e-09 2.61121272e-08
"ATLAS (C/2025 N1)" 2461021.5 "A.D. 2025-Dec-12 00:00:00.0000" 12.5 -1.610259170873318 4.5 1.322380166721603 -0.00481266330499506 -0.004846425071562945 0.03710376709345388 -0.002250764594820306 1.69581031e-06 4.99656562e-07 1.81557636e-07 1.07609001e-08 3.44914333e-08 5.4836307e-09 6.94097432e-07 1.62623787e-06 1.78805999e-07 3.48011873e-08 9.95359269e-09 5.03284253e-09 1.59737872e-06 7.58157047e-07 1.78805999e-07 2.61644845e-08 2.50123249e-08 5.03284253e-09 7.5732838e-07 1.82283894e-07 1.59737872e-06 2.49212486e-08 5.46601037e-09 2.61644845e-08
"ATLAS (C/2025 N1)" 2461022.5 "A.D. 2025-Dec-13 00:00:00.0000" 12.5 -1.615079578347196 4.5 1.359462400379184 -0.007063337309366935 -0.004794702187058187 0.03706078317974789 -0.002250572632210074 1.6966107e-06 5.29536041e-07 1.80335713e-07 1.08189803e-08 3.47027399e-08 5.55055813e-09 7.23394545e-07 1.62372316e-06 1.77878235e-07 3.49499047e-08 1.0239688e-08 5.07859575e-09 1.60983141e-06 7.53803307e-07 1.77878235e-07 2.62357365e-08 2.52593187e-08 5.07859575e-09 7.5297485e-07 1.81353156e-07 1.60983141e-06 2.51655062e-08 5.52472743e-09 2.62357365e-08
"ATLAS (C/2025 N1)" 2461023.5 "A.D. 2025-Dec-14 00:00:00.0000" 12.5 -1.619849187603459 4.5 1.396501902401362 -0.009313787878709212 -0.004744816448030208 0.03701830711616295 -0.002250318585945293 1.69673221e-06 5.60044332e-07 1.79237625e-07 1.0938085e-08 3.49051702e-08 5.61712857e-09 7.53070924e-07 1.62055734e-06 1.77070801e-07 3.50938579e-08 1.05701342e-08 5.12426989e-09 1.62248575e-06 7.48907148e-07 1.77070801e-07 2.63242726e-08 2.55017504e-08 5.12426989e-09 7.48085463e-07 1.80510732e-07 1.62248575e-06 2.54052149e-08 5.58323102e-09 2.63242726e-08
"ATLAS (C/2025 N1)" 2461024.5 "A.D. 2025-Dec-15 00:00:00.0000" 12.5 -1.624569799612003 4.5 1.433499189980658 -0.01156395545614327 -0.004696695894021568 0.03697635705933692 -0.002250007453403066 1.69619618e-06 5.91110493e-07 1.78273206e-07 1.11112273e-08 3.50993667e-08 5.68317983e-09 7.83102522e-07 1.61675956e-06 1.76389927e-07 3.52334494e-08 1.09362185e-08 5.16977905e-09 1.63535881e-06 7.43480058e-07 1.76389927e-07 2.64285005e-08 2.57396813e-08 5.16977905e-09 7.42671619e-07 1.79763369e-07 1.63535881e-06 2.5640439e-08 5.64142678e-09 2.64285005e-08
"ATLAS (C/2025 N1)" 2461025.5 "A.D. 2025-Dec-16 00:00:00.0000" 12.5 -1.629243144560162 4.5 1.47045479693063 -0.01381378531663936 -0.004650270925444241 0.03693494814290876 -0.002249643903890651 1.69502403e-06 6.22674966e-07 1.77452142e-07 1.13312334e-08 3.52859149e-08 5.74857179e-09 8.13467838e-07 1.6123491e-06 1.75841636e-07 3.53690323e-08 1.13302067e-08 5.21504429e-09 1.64846694e-06 7.37533935e-07 1.75841636e-07 2.6546866e-08 2.59731772e-08 5.21504429e-09 7.36745111e-07 1.79117916e-07 1.64846694e-06 2.58712471e-08 5.69922782e-09 2.6546866e-08
"ATLAS (C/2025 N1)" 2461026.5 "A.D. 2025-Dec-17 00:00:00.0000" 12.5 -1.633870884225475 4.5 1.507369270804096 -0.0160632272478546 -0.004605474324146061 0.03689409275659626 -0.002249232296405047 1.69323723e-06 6.5468746e-07 1.76783872e-07 1.15910805e-08 3.54653476e-08 5.81318457e-09 8.44147586e-07 1.60734536e-06 1.75431691e-07 3.55009157e-08 1.17454074e-08 5.25999378e-09 1.66182572e-06 7.3108108e-07 1.75431691e-07 2.66778693e-08 2.62023071e-08 5.25999378e-09 7.3031812e-07 1.78581265e-07 1.66182572e-06 2.60977108e-08 5.75655485e-09 2.66778693e-08
"ATLAS (C/2025 N1)" 2461027.5 "A.D. 2025-Dec-18 00:00:00.0000" 12.5 -1.638454614359819 4.5 1.544243170280452 -0.01831223524854125 -0.004562241256043811 0.03685380080542428 -0.002248776696994526 1.69085725e-06 6.87105254e-07 1.76277496e-07 1.18841462e-08 3.56381496e-08 5.87691672e-09 8.75124408e-07 1.60176775e-06 1.75165541e-07 3.56293697e-08 1.21761413e-08 5.30456268e-09 1.67544989e-06 7.24134188e-07 1.75165541e-07 2.6820077e-08 2.64271427e-08 5.30456268e-09 7.23403208e-07 1.78160285e-07 1.67544989e-06 2.63199046e-08 5.81333622e-09 2.6820077e-08
"ATLAS (C/2025 N1)" 2461028.5 "A.D. 2025-Dec-19 00:00:00.0000" 12.5 -1.642995867068371 4.5 1.581077062802591 -0.02056076724407616 -0.004520509258618876 0.03681407994983336 -0.002248280895622968 1.68790543e-06 7.19891842e-07 1.75941671e-07 1.22043673e-08 3.58047611e-08 5.93968341e-09 9.06382632e-07 1.59563565e-06 1.75048269e-07 3.575463e-08 1.26176566e-08 5.34869303e-09 1.68935331e-06 7.16706351e-07 1.75048269e-07 2.69721308e-08 2.66477576e-08 5.34869303e-09 7.16013326e-07 1.77861765e-07 1.68935331e-06 2.65379046e-08 5.86950771e-09 2.69721308e-08
"ATLAS (C/2025 N1)" 2461029.5 "A.D. 2025-Dec-20 00:00:00.0000" 12.5 -1.647496113169556 4.5 1.61787152244472 -0.02280878481856987 -0.004480218215753154 0.03677493582750117 -0.00224774842246272 1.68440306e-06 7.53015844e-07 1.75784519e-07 1.25463208e-08 3.59655825e-08 6.00141478e-09 9.37908056e-07 1.58896841e-06 1.7508454e-07 3.5876902e-08 1.30660212e-08 5.39233346e-09 1.70354894e-06 7.08811067e-07 1.7508454e-07 2.71327538e-08 2.68642268e-08 5.39233346e-09 7.08161815e-07 1.77692343e-07 1.70354894e-06 2.67517882e-08 5.92501233e-09 2.71327538e-08
"ATLAS (C/2025 N1)" 2461030.5 "A.D. 2025-Dec-21 00:00:00.0000" 12.5 -1.651956764524418 4.5 1.654627127993229 -0.02505625296296469 -0.004441310322091872 0.0367363722577926 -0.002247182563557248 1.68037122e-06 7.86450129e-07 1.75813529e-07 1.29052444e-08 3.61209773e-08 6.06205429e-09 9.69687773e-07 1.58178529e-06 1.7527856e-07 3.59963649e-08 1.35180086e-08 5.43543891e-09 1.71804881e-06 7.00462248e-07 1.7527856e-07 2.73007537e-08 2.70766262e-08 5.43543891e-09 6.99862425e-07 1.77658441e-07 1.71804881e-06 2.69616334e-08 5.97980001e-09 2.73007537e-08
"ATLAS (C/2025 N1)" 2461031.5 "A.D. 2025-Dec-22 00:00:00.0000" 12.5 -1.656379176325925 4.5 1.691344461223714 -0.027303139838462 -0.00440373003885621 0.0366983914297765 -0.002246586375827635 1.67583086e-06 8.20171114e-07 1.76035473e-07 1.32770168e-08 3.62712762e-08 6.12155728e-09 1.00171001e-06 1.57410544e-06 1.75634031e-07 3.61131746e-08 1.39709906e-08 5.47797028e-09 1.73286399e-06 6.9167425e-07 1.75634031e-07 2.74750246e-08 2.72850322e-08 5.47797028e-09 6.91129335e-07 1.77766202e-07 1.73286399e-06 2.71675187e-08 6.03382723e-09 2.74750246e-08
"ATLAS (C/2025 N1)" 2461032.5 "A.D. 2025-Dec-23 00:00:00.0000" 12.5 -1.660764649340522 4.5 1.728024105358215 -0.02954941655461794 -0.004367424042779957 0.0366609940747922 -0.00224596270138886 1.6708027e-06 8.54158183e-07 1.7645633e-07 1.36581122e-08 3.64167801e-08 6.17988956e-09 1.033964e-06 1.56594792e-06 1.7615412e-07 3.62274676e-08 1.44228395e-08 5.51989401e-09 1.74800463e-06 6.82461891e-07 1.7615412e-07 2.76545461e-08 2.74895214e-08 5.51989401e-09 6.81977185e-07 1.78021422e-07 1.74800463e-06 2.73695224e-08 6.08705668e-09 2.76545461e-08
"ATLAS (C/2025 N1)" 2461033.5 "A.D. 2025-Dec-24 00:00:00.0000" 12.5 -1.665114432095808 4.5 1.764666643687688 -0.03179505696140627 -0.004332341169634595 0.03662417962452395 -0.002245314181176329 1.66530729e-06 8.88393225e-07 1.77081217e-07 1.40455426e-08 3.65577629e-08 6.23702616e-09 1.06643986e-06 1.55733162e-06 1.76841432e-07 3.63393628e-08 1.48718445e-08 5.56118177e-09 1.76347992e-06 6.72840499e-07 1.76841432e-07 2.78383822e-08 2.76901702e-08 5.56118177e-09 6.72421107e-07 1.78429493e-07 1.76347992e-06 2.75677228e-08 6.13945681e-09 2.78383822e-08
"ATLAS (C/2025 N1)" 2461034.5 "A.D. 2025-Dec-25 00:00:00.0000" 12.5 -1.669429723009551 4.5 1.801272658345713 -0.03404003745456183 -0.004298432353600747 0.03658794635554774 -0.002244643267872856 1.65936492e-06 9.22860251e-07 1.77914344e-07 1.44367955e-08 3.66944743e-08 6.29295018e-09 1.09912849e-06 1.54827533e-06 1.77697991e-07 3.64489647e-08 1.53166389e-08 5.60180998e-09 1.77929809e-06 6.62825951e-07 1.77697991e-07 2.80256781e-08 2.78870547e-08 5.60180998e-09 6.62476779e-07 1.7899535e-07 1.77929809e-06 2.77621973e-08 6.19100142e-09 2.80256781e-08
"ATLAS (C/2025 N1)" 2461035.5 "A.D. 2025-Dec-26 00:00:00.0000" 12.5 -1.673711672456468 4.5 1.837842729220373 -0.03628433679350369 -0.004265650563575044 0.03655229152128596 -0.002243952238145549 1.65299569e-06 9.57545073e-07 1.78958975e-07 1.4829772e-08 3.68271424e-08 6.34765175e-09 1.13202149e-06 1.53879768e-06 1.78725234e-07 3.65563651e-08 1.57561405e-08 5.64175946e-09 1.79546647e-06 6.52434734e-07 1.78725234e-07 2.82156573e-08 2.80802506e-08 5.64175946e-09 6.52160475e-07 1.79723415e-07 1.79546647e-06 2.79530229e-08 6.24166926e-09 2.82156573e-08
"ATLAS (C/2025 N1)" 2461036.5 "A.D. 2025-Dec-27 00:00:00.0000" 12.5 -1.677961384770168 4.5 1.874377432992171 -0.03852793593115345 -0.004233950737343124 0.03651721147227351 -0.002243243204203776 1.64621947e-06 9.92435049e-07 1.80217414e-07 1.52227296e-08 3.69559759e-08 6.40112711e-09 1.16511107e-06 1.52891717e-06 1.79924005e-07 3.6661645e-08 1.61895008e-08 5.68101505e-09 1.81199149e-06 6.41684016e-07 1.79924005e-07 2.84076171e-08 2.82698327e-08 5.68101505e-09 6.41489143e-07 1.80617562e-07 1.81199149e-06 2.81402756e-08 6.29144361e-09 2.84076171e-08
"ATLAS (C/2025 N1)" 2461037.5 "A.D. 2025-Dec-28 00:00:00.0000" 12.5 -1.682179920178544 4.5 1.910877342286733 -0.04077081785498059 -0.004203289714411884 0.0364827017656035 -0.002242518124695265 1.6390559e-06 1.02751886e-06 1.81691004e-07 1.56142306e-08 3.70811659e-08 6.45337773e-09 1.19839003e-06 1.5186522e-06 1.81294565e-07 3.67648765e-08 1.66160638e-08 5.71956521e-09 1.82887868e-06 6.30591727e-07 1.81294565e-07 2.86009248e-08 2.8455875e-08 5.71956521e-09 6.30480476e-07 1.81681083e-07 1.82887868e-06 2.83240304e-08 6.34031189e-09 2.86009248e-08
"ATLAS (C/2025 N1)" 2461038.5 "A.D. 2025-Dec-29 00:00:00.0000" 12.5 -1.686368296671601 4.5 1.94734302493189 -0.04301296743861981 -0.004173626168172404 0.0364487572643783 -0.002241778814960631 1.63152443e-06 1.06278634e-06 1.83380145e-07 1.60030954e-08 3.7202888e-08 6.50440959e-09 1.23185162e-06 1.50802102e-06 1.8283661e-07 3.68661238e-08 1.70353315e-08 5.75740172e-09 1.84613274e-06 6.19176661e-07 1.8283661e-07 2.87950124e-08 2.86384509e-08 5.75740172e-09 6.19153017e-07 1.8291666e-07 1.84613274e-06 2.85043613e-08 6.38826527e-09 2.87950124e-08
