estimation/data/3I-Ephemeris-Uncertainty.ecsv
# %ECSV 1.0
# ---
# datatype:
# - {name: targetname, unit: '---', datatype: string}
# - {name: datetime_jd, unit: d, datatype: float64}
# - {name: datetime_str, unit: '---', datatype: string}
# - {name: M1, unit: mag, datatype: float64}
# - {name: x, unit: AU, datatype: float64}
# - {name: k1, unit: '---', datatype: float64}
# - {name: y, unit: AU, datatype: float64}
# - {name: z, unit: AU, datatype: float64}
# - {name: vx, unit: AU / d, datatype: float64}
# - {name: vy, unit: AU / d, datatype: float64}
# - {name: vz, unit: AU / d, datatype: float64}
# - {name: x_s, unit: AU, datatype: float64}
# - {name: y_s, unit: AU, datatype: float64}
# - {name: z_s, unit: AU, datatype: float64}
# - {name: vx_s, unit: AU / d, datatype: float64}
# - {name: vy_s, unit: AU / d, datatype: float64}
# - {name: vz_s, unit: AU / d, datatype: float64}
# - {name: a_s_1, unit: AU, datatype: float64}
# - {name: c_s, unit: AU, datatype: float64}
# - {name: n_s_1, unit: AU, datatype: float64}
# - {name: va_s, unit: AU / d, datatype: float64}
# - {name: vc_s, unit: AU / d, datatype: float64}
# - {name: vn_s_1, unit: AU / d, datatype: float64}
# - {name: r_s_1, unit: AU, datatype: float64}
# - {name: t_s, unit: AU, datatype: float64}
# - {name: n_s_2, unit: AU, datatype: float64}
# - {name: vr_s_1, unit: AU / d, datatype: float64}
# - {name: vt_s, unit: AU / d, datatype: float64}
# - {name: vn_s_2, unit: AU / d, datatype: float64}
# - {name: a_s_2, unit: AU, datatype: float64}
# - {name: d_s, unit: AU, datatype: float64}
# - {name: r_s_2, unit: AU, datatype: float64}
# - {name: va_ra_s, unit: AU / d, datatype: float64}
# - {name: va_dec_s, unit: AU / d, datatype: float64}
# - {name: vr_s_2, unit: AU / d, datatype: float64}
# schema: astropy-2.0
targetname datetime_jd datetime_str M1 x k1 y z vx vy vz x_s y_s z_s vx_s vy_s vz_s a_s_1 c_s n_s_1 va_s vc_s vn_s_1 r_s_1 t_s n_s_2 vr_s_1 vt_s vn_s_2 a_s_2 d_s r_s_2 va_ra_s va_dec_s vr_s_2
"ATLAS (C/2025 N1)" 2460796.5 "A.D. 2025-May-01 00:00:00.0000" 12.3 1.117522123416495 4.5 -6.45956154236783 0.3775063453887985 -0.01377810931128988 0.03192668258786879 -0.001432750183946673 4.75226754e-05 0.000101714919 8.05425493e-06 7.3251673e-07 3.87218046e-07 2.38122343e-08 0.000112430575 3.85563656e-06 3.7014148e-06 6.45335191e-07 5.19011684e-07 3.54254258e-08 0.00010859784 2.93599938e-05 3.7014148e-06 5.0639721e-07 6.55280476e-07 3.54254258e-08 2.95301431e-05 1.91842635e-06 0.00010859784 6.56153432e-07 1.04945782e-08 5.0639721e-07
"ATLAS (C/2025 N1)" 2460797.5 "A.D. 2025-May-02 00:00:00.0000" 12.3 1.103743429732972 4.5 -6.427631475257744 0.3760733971358629 -0.01377927866539568 0.03193346356284944 -0.001433147094996788 4.67901828e-05 0.000101328347 8.03130416e-06 7.32508422e-07 3.86988564e-07 2.3801917e-08 0.00011178532 3.44373749e-06 3.66603884e-06 6.45096487e-07 5.19124799e-07 3.54292697e-08 0.000108056046 2.8839346e-05 3.66603884e-06 5.05354193e-07 6.55939917e-07 3.54292697e-08 2.90082267e-05 1.91585659e-06 0.000108056046 6.56812297e-07 1.04887409e-08 5.05354193e-07
"ATLAS (C/2025 N1)" 2460798.5 "A.D. 2025-May-03 00:00:00.0000" 12.3 1.089963564879512 4.5 -6.395694591194586 0.3746400496393541 -0.01378045163792675 0.03194031668122391 -0.0014335486844581 4.60576993e-05 0.000100942009 8.0083696e-06 7.32499921e-07 3.86756712e-07 2.3791482e-08 0.000111140328 3.06277394e-06 3.63066009e-06 6.44855147e-07 5.19239111e-07 3.54331367e-08 0.000107515583 2.83187644e-05 3.63066009e-06 5.04299453e-07 6.56604506e-07 3.54331367e-08 2.84863746e-05 1.91326291e-06 0.000107515583 6.57476309e-07 1.04826821e-08 5.04299453e-07
"ATLAS (C/2025 N1)" 2460799.5 "A.D. 2025-May-04 00:00:00.0000" 12.3 1.076182525278165 4.5 -6.363750817469499 0.3732062981804677 -0.01378162814716075 0.03194724307777089 -0.001433955033418725 4.5325225e-05 0.000100555909 7.98545143e-06 7.32491221e-07 3.86522449e-07 2.37809272e-08 0.000110495603 2.72578432e-06 3.59527856e-06 6.44611123e-07 5.1935464e-07 3.54370269e-08 0.000106976471 2.77982534e-05 3.59527856e-06 5.03232793e-07 6.57274294e-07 3.54370269e-08 2.79645911e-05 1.91064408e-06 0.000106976471 6.5814552e-07 1.04763965e-08 5.03232793e-07
"ATLAS (C/2025 N1)" 2460800.5 "A.D. 2025-May-05 00:00:00.0000" 12.3 1.06240030743505 4.5 -6.331800080227184 0.3717721379583945 -0.01378280810665192 0.03195424391069795 -0.001434366224810726 4.45927602e-05 0.000100170048 7.96254982e-06 7.32482317e-07 3.86285736e-07 2.37702501e-08 0.000109851148 2.45101531e-06 3.55989425e-06 6.44364368e-07 5.19471405e-07 3.54409403e-08 0.000106438728 2.72778174e-05 3.55989425e-06 5.02154012e-07 6.57949335e-07 3.54409403e-08 2.74428809e-05 1.90799882e-06 0.000106438728 6.58819983e-07 1.04698784e-08 5.02154012e-07
"ATLAS (C/2025 N1)" 2460801.5 "A.D. 2025-May-06 00:00:00.0000" 12.3 1.048616907945178 4.5 -6.299842304442175 0.3703375640884475 -0.01378399142502125 0.03196132036222778 -0.001434782343462789 4.38603051e-05 9.97844308e-05 7.93966495e-06 7.32473203e-07 3.86046531e-07 2.37594487e-08 0.000109206967 2.26130805e-06 3.52450718e-06 6.44114832e-07 5.19589427e-07 3.54448769e-08 0.000105902377 2.67574612e-05 3.52450718e-06 5.01062902e-07 6.58629682e-07 3.54448769e-08 2.69212484e-05 1.90532585e-06 0.000105902377 6.5949975e-07 1.04631221e-08 5.01062902e-07
"ATLAS (C/2025 N1)" 2460802.5 "A.D. 2025-May-07 00:00:00.0000" 12.3 1.034832323497499 4.5 -6.267877413894528 0.3689025716001442 -0.01378517800573558 0.03196847363920118 -0.001435203476154845 4.312786e-05 9.93990583e-05 7.91679701e-06 7.32463875e-07 3.85804789e-07 2.37485204e-08 0.000108563063 2.1790408e-06 3.48911735e-06 6.43862465e-07 5.19708728e-07 3.54488369e-08 0.000105367437 2.62371898e-05 3.48911735e-06 4.99959255e-07 6.59315386e-07 3.54488369e-08 2.63996987e-05 1.90262384e-06 0.000105367437 6.60184874e-07 1.04561218e-08 4.99959255e-07
"ATLAS (C/2025 N1)" 2460803.5 "A.D. 2025-May-08 00:00:00.0000" 12.3 1.02104655088017 4.5 -6.235905331144887 0.3674671554352186 -0.01378636774687451 0.03197570497369779 -0.001435629711674784 4.23954251e-05 9.90139336e-05 7.89394619e-06 7.32454325e-07 3.85560467e-07 2.37374628e-08 0.00010791944 2.21625742e-06 3.45372478e-06 6.43607215e-07 5.19829328e-07 3.54528201e-08 0.00010483393 2.57170081e-05 3.45372478e-06 4.98842854e-07 6.60006503e-07 3.54528201e-08 2.58782367e-05 1.89989145e-06 0.00010483393 6.6087541e-07 1.04488715e-08 4.98842854e-07
"ATLAS (C/2025 N1)" 2460804.5 "A.D. 2025-May-09 00:00:00.0000" 12.3 1.007259586986061 4.5 -6.203925977508934 0.3660313104455904 -0.01378756054088422 0.03198301562367509 -0.001436061140877286 4.16630007e-05 9.86290593e-05 7.87111267e-06 7.32444549e-07 3.85313521e-07 2.37262734e-08 0.000107276102 2.36737355e-06 3.41832947e-06 6.4334903e-07 5.19951249e-07 3.54568267e-08 0.000104301877 2.51969215e-05 3.41832947e-06 4.9771348e-07 6.60703086e-07 3.54568267e-08 2.53568677e-05 1.89712726e-06 0.000104301877 6.61571411e-07 1.0441365e-08 4.9771348e-07
"ATLAS (C/2025 N1)" 2460805.5 "A.D. 2025-May-10 00:00:00.0000" 12.3 0.9934714288185251 4.5 -6.17193927303118 0.3645950313912667 -0.01378875627431681 0.03199040687362722 -0.001436497856744962 4.09305871e-05 9.82444382e-05 7.84829664e-06 7.32434539e-07 3.85063903e-07 2.37149497e-08 0.000106633052 2.61274028e-06 3.38293144e-06 6.43087855e-07 5.20074515e-07 3.54608567e-08 0.000103771301 2.46769354e-05 3.38293144e-06 4.96570907e-07 6.61405189e-07 3.54608567e-08 2.4835597e-05 1.89432987e-06 0.000103771301 6.62272932e-07 1.04335961e-08 4.96570907e-07
"ATLAS (C/2025 N1)" 2460806.5 "A.D. 2025-May-11 00:00:00.0000" 12.3 0.9796820734974211 4.5 -6.139945136458094 0.3631583129381789 -0.01378995482755416 0.0319978800352643 -0.001436939954451791 4.01981846e-05 9.78600729e-05 7.82549832e-06 7.3242429e-07 3.84811566e-07 2.3703489e-08 0.000105990294 2.92880068e-06 3.34753071e-06 6.42823634e-07 5.20199148e-07 3.546491e-08 0.000103242225 2.41570554e-05 3.34753071e-06 4.95414904e-07 6.62112868e-07 3.546491e-08 2.43144303e-05 1.89149781e-06 0.000103242225 6.62980028e-07 1.04255584e-08 4.95414904e-07
"ATLAS (C/2025 N1)" 2460807.5 "A.D. 2025-May-12 00:00:00.0000" 12.3 0.9658915182654338 4.5 -6.107943485210532 0.3617211496559651 -0.01379115607451476 0.03200543644821469 -0.001437387531429011 3.94657933e-05 9.74759663e-05 7.80271788e-06 7.32413796e-07 3.84556461e-07 2.36918886e-08 0.000105347833 3.29530855e-06 3.31212729e-06 6.42556311e-07 5.20325171e-07 3.54689867e-08 0.000102714671 2.36372874e-05 3.31212729e-06 4.94245237e-07 6.62826178e-07 3.54689867e-08 2.37933735e-05 1.88862958e-06 0.000102714671 6.63692755e-07 1.04172453e-08 4.94245237e-07
"ATLAS (C/2025 N1)" 2460808.5 "A.D. 2025-May-13 00:00:00.0000" 12.3 0.9520997604946905 4.5 -6.075934235355464 0.3602835360156723 -0.01379235988234216 0.03201307748075096 -0.001437840687433513 3.87334138e-05 9.70921212e-05 7.77995555e-06 7.32403048e-07 3.8429854e-07 2.36801457e-08 0.000104705673 3.69732138e-06 3.2767212e-06 6.42285827e-07 5.2045261e-07 3.54730867e-08 0.000102188664 2.31176375e-05 3.2767212e-06 4.93061663e-07 6.63545175e-07 3.54730867e-08 2.32724325e-05 1.88572365e-06 0.000102188664 6.64411167e-07 1.040865e-08 4.93061663e-07
"ATLAS (C/2025 N1)" 2460809.5 "A.D. 2025-May-14 00:00:00.0000" 12.3 0.9383067976936985 4.5 -6.043917301576948 0.3588454663873986 -0.0137935661110737 0.03202080453054337 -0.001438299524618674 3.80010462e-05 9.67085406e-05 7.75721152e-06 7.32392042e-07 3.84037749e-07 2.36682575e-08 0.000104063817 4.12449694e-06 3.24131247e-06 6.42012121e-07 5.20581489e-07 3.54772101e-08 0.000101664226 2.25981121e-05 3.24131247e-06 4.91863936e-07 6.64269914e-07 3.54772101e-08 2.27516136e-05 1.88277845e-06 0.000101664226 6.65135321e-07 1.03997658e-08 4.91863936e-07
"ATLAS (C/2025 N1)" 2460810.5 "A.D. 2025-May-15 00:00:00.0000" 12.3 0.9245126275146276 4.5 -6.011892597146351 0.3574069350378615 -0.01379477461328946 0.03202861902544357 -0.001438764147607554 3.72686908e-05 9.63252274e-05 7.734486e-06 7.32380769e-07 3.83774038e-07 2.36562208e-08 0.000103422271 4.56980862e-06 3.20590111e-06 6.41735133e-07 5.20711832e-07 3.54813567e-08 0.000101141383 2.20787177e-05 3.20590111e-06 4.90651804e-07 6.65000451e-07 3.54813567e-08 2.22309234e-05 1.87979236e-06 0.000101141383 6.65865274e-07 1.03905855e-08 4.90651804e-07
"ATLAS (C/2025 N1)" 2460811.5 "A.D. 2025-May-16 00:00:00.0000" 12.3 0.9107172477609509 4.5 -5.979860033891762 0.3559679361278884 -0.01379598523373761 0.03203652242430009 -0.001439234663568659 3.65363482e-05 9.59421845e-05 7.71177922e-06 7.32369222e-07 3.83507352e-07 2.36440329e-08 0.000102781037 5.02846286e-06 3.17048715e-06 6.41454798e-07 5.20843667e-07 3.54855265e-08 0.00010062016 2.15594611e-05 3.17048715e-06 4.89425007e-07 6.65736845e-07 3.54855265e-08 2.17103687e-05 1.87676374e-06 0.00010062016 6.66601081e-07 1.0381102e-08 4.89425007e-07
"ATLAS (C/2025 N1)" 2460812.5 "A.D. 2025-May-17 00:00:00.0000" 12.3 0.8969206563954715 4.5 -5.947819522166563 0.3545284637098334 -0.01379719780894083 0.03204451621781359 -0.001439711182293427 3.58040185e-05 9.55594152e-05 7.68909139e-06 7.32357394e-07 3.83237635e-07 2.36316904e-08 0.000102140122 5.49714174e-06 3.13507062e-06 6.41171053e-07 5.20977021e-07 3.54897196e-08 0.000100100583 2.10403494e-05 3.13507062e-06 4.88183282e-07 6.66479151e-07 3.54897196e-08 2.11899565e-05 1.87369089e-06 0.000100100583 6.67342801e-07 1.0371308e-08 4.88183282e-07
"ATLAS (C/2025 N1)" 2460813.5 "A.D. 2025-May-18 00:00:00.0000" 12.3 0.8831228515487559 4.5 -5.915770970817139 0.3530885117249127 -0.01379841216677975 0.0320526019294336 -0.001440193816275656 3.50717021e-05 9.51769224e-05 7.66642273e-06 7.32345278e-07 3.82964832e-07 2.36191902e-08 0.000101499529 5.97350549e-06 3.09965154e-06 6.40883829e-07 5.21111919e-07 3.54939357e-08 9.95826772e-05 2.05213901e-05 3.09965154e-06 4.86926356e-07 6.67227427e-07 3.54939357e-08 2.06696941e-05 1.87057207e-06 9.95826772e-05 6.68090491e-07 1.03611959e-08 4.86926356e-07
"ATLAS (C/2025 N1)" 2460814.5 "A.D. 2025-May-19 00:00:00.0000" 12.3 0.8693238315279908 4.5 -5.883714287149663 0.3516480740004683 -0.01379962812606249 0.03206078111630237 -0.00144068268079175 3.43393995e-05 9.47947095e-05 7.64377348e-06 7.32332865e-07 3.82688883e-07 2.3606529e-08 0.000100859262 6.45587128e-06 3.06422996e-06 6.40593059e-07 5.21248392e-07 3.54981748e-08 9.90664698e-05 2.00025908e-05 3.06422996e-06 4.85653953e-07 6.6798173e-07 3.54981748e-08 2.01495891e-05 1.86740551e-06 9.90664698e-05 6.68844207e-07 1.0350758e-08 4.85653953e-07
"ATLAS (C/2025 N1)" 2460815.5 "A.D. 2025-May-20 00:00:00.0000" 12.3 0.8555235948262782 4.5 -5.851649376895905 0.3502071442471371 -0.0138008454960711 0.03206905537025258 -0.001441177893982181 3.3607111e-05 9.44127796e-05 7.62114385e-06 7.32320147e-07 3.82409729e-07 2.35937033e-08 0.000100219328 6.94300528e-06 3.0288059e-06 6.40298672e-07 5.21386467e-07 3.55024368e-08 9.8551988e-05 1.94839595e-05 3.0288059e-06 4.84365788e-07 6.68742118e-07 3.55024368e-08 1.96296496e-05 1.86418937e-06 9.8551988e-05 6.69604009e-07 1.03399866e-08 4.84365788e-07
"ATLAS (C/2025 N1)" 2460816.5 "A.D. 2025-May-21 00:00:00.0000" 12.3 0.8417221401323889 4.5 -5.819576144178016 0.3487657160559515 -0.01380206407611079 0.0320774263188604 -0.001441679576931752 3.28748371e-05 9.4031136e-05 7.59853409e-06 7.32307115e-07 3.82127308e-07 2.35807097e-08 9.95797303e-05 7.4339863e-06 2.99337941e-06 6.40000596e-07 5.21526175e-07 3.55067217e-08 9.80392599e-05 1.89655046e-05 2.99337941e-06 4.83061571e-07 6.6950865e-07 3.55067217e-08 1.91098837e-05 1.86092179e-06 9.80392599e-05 6.70369953e-07 1.03288735e-08 4.83061571e-07
"ATLAS (C/2025 N1)" 2460817.5 "A.D. 2025-May-22 00:00:00.0000" 12.3 0.8279194663409686 4.5 -5.787494491472243 0.3473237828953523 -0.01380328365505101 0.03208589562656126 -0.001442187853749215 3.21425781e-05 9.36497821e-05 7.57594444e-06 7.32293762e-07 3.81841558e-07 2.35675446e-08 9.89404744e-05 7.9281149e-06 2.95795052e-06 6.39698756e-07 5.21667545e-07 3.55110292e-08 9.75283139e-05 1.84472347e-05 2.95795052e-06 4.81741002e-07 6.70281383e-07 3.55110292e-08 1.85903001e-05 1.85760084e-06 9.75283139e-05 6.71142099e-07 1.03174107e-08 4.81741002e-07
"ATLAS (C/2025 N1)" 2460818.5 "A.D. 2025-May-23 00:00:00.0000" 12.3 0.8141155725631963 4.5 -5.755404319571479 0.3458813381081287 -0.01380450401088406 0.03209446499581636 -0.001442702851644949 3.14103345e-05 9.32687214e-05 7.55337515e-06 7.32280079e-07 3.81552413e-07 2.35542041e-08 9.83015652e-05 8.42485182e-06 2.92251929e-06 6.39393076e-07 5.2181061e-07 3.55153593e-08 9.70191791e-05 1.79291588e-05 2.92251929e-06 4.80403777e-07 6.71060377e-07 3.55153593e-08 1.80709077e-05 1.85422456e-06 9.70191791e-05 6.71920505e-07 1.03055897e-08 4.80403777e-07
"ATLAS (C/2025 N1)" 2460819.5 "A.D. 2025-May-24 00:00:00.0000" 12.3 0.8003104581378769 4.5 -5.723305527546634 0.3444383749082769 -0.01380572491029794 0.03210313616835193 -0.00144322470100539 3.06781069e-05 9.28879573e-05 7.53082645e-06 7.32266056e-07 3.81259807e-07 2.35406846e-08 9.76630082e-05 8.92377537e-06 2.88708575e-06 6.39083478e-07 5.219554e-07 3.55197118e-08 9.65118854e-05 1.74112866e-05 2.88708575e-06 4.79049583e-07 6.71845688e-07 3.55197118e-08 1.75517161e-05 1.85079092e-06 9.65118854e-05 6.72705229e-07 1.0293402e-08 4.79049583e-07
"ATLAS (C/2025 N1)" 2460820.5 "A.D. 2025-May-25 00:00:00.0000" 12.3 0.7865041226429399 4.5 -5.691198012706729 0.342994886377788 -0.01380694610829242 0.03211191092642238 -0.001443753535465592 2.99458956e-05 9.25074934e-05 7.50829861e-06 7.32251684e-07 3.80963671e-07 2.35269819e-08 9.70248085e-05 9.42455159e-06 2.85164997e-06 6.3876988e-07 5.22101951e-07 3.55240866e-08 9.60064632e-05 1.68936278e-05 2.85164997e-06 4.77678098e-07 6.72637377e-07 3.55240866e-08 1.70327349e-05 1.84729786e-06 9.60064632e-05 6.73496329e-07 1.02808389e-08 4.77678098e-07
"ATLAS (C/2025 N1)" 2460821.5 "A.D. 2025-May-26 00:00:00.0000" 12.3 0.7726965659073064 4.5 -5.659081670557726 0.3415508654633658 -0.01380816734783294 0.03212079109411957 -0.001444289491978821 2.92137012e-05 9.21273334e-05 7.48579188e-06 7.32236954e-07 3.80663935e-07 2.35130921e-08 9.63869717e-05 9.92691289e-06 2.81621199e-06 6.38452199e-07 5.22250294e-07 3.55284835e-08 9.55029436e-05 1.63761928e-05 2.81621199e-06 4.76288995e-07 6.73435501e-07 3.55284835e-08 1.65139744e-05 1.84374325e-06 9.55029436e-05 6.74293866e-07 1.02678917e-08 4.76288995e-07
"ATLAS (C/2025 N1)" 2460822.5 "A.D. 2025-May-27 00:00:00.0000" 12.3 0.7588877880230745 4.5 -5.626956394760029 0.3401063049730709 -0.01380938835955265 0.03212977853868359 -0.001444832710885921 2.84815243e-05 9.17474809e-05 7.46330653e-06 7.32221855e-07 3.80360526e-07 2.34990109e-08 9.57495035e-05 1.04306426e-05 2.78077189e-06 6.38130351e-07 5.22400467e-07 3.55329024e-08 9.50013583e-05 1.58589925e-05 2.78077189e-06 4.74881935e-07 6.7424012e-07 3.55329024e-08 1.59954455e-05 1.8401249e-06 9.50013583e-05 6.75097897e-07 1.02545511e-08 4.74881935e-07
"ATLAS (C/2025 N1)" 2460823.5 "A.D. 2025-May-28 00:00:00.0000" 12.3 0.7450777893579837 4.5 -5.594822077084685 0.338661197572902 -0.01381060886149696 0.03213887517179913 -0.001445383335986519 2.77493654e-05 9.13679398e-05 7.44084283e-06 7.32206378e-07 3.8005337e-07 2.3484734e-08 9.51124096e-05 1.09355634e-05 2.74532973e-06 6.37804246e-07 5.22552503e-07 3.55373431e-08 9.450174e-05 1.53420382e-05 2.74532973e-06 4.73456574e-07 6.75051292e-07 3.55373431e-08 1.54771593e-05 1.83644058e-06 9.450174e-05 6.75908482e-07 1.0240808e-08 4.73456574e-07
"ATLAS (C/2025 N1)" 2460824.5 "A.D. 2025-May-29 00:00:00.0000" 12.3 0.7312665705681184 4.5 -5.562678607368308 0.3372155357832954 -0.01381182855889282 0.03214808295085096 -0.001445941514615918 2.70172251e-05 9.09887139e-05 7.41840105e-06 7.32190513e-07 3.7974239e-07 2.34702569e-08 9.44756959e-05 1.14415292e-05 2.70988558e-06 6.37473795e-07 5.2270644e-07 3.55418054e-08 9.40041219e-05 1.48253421e-05 2.70988558e-06 4.72012557e-07 6.75869076e-07 3.55418054e-08 1.49591277e-05 1.83268799e-06 9.40041219e-05 6.76725678e-07 1.0226653e-08 4.72012557e-07
