estimation/data/3I-Ephemeris-Uncertainty.ecsv
# %ECSV 1.0
# ---
# datatype:
# - {name: targetname, unit: '---', datatype: string}
# - {name: datetime_jd, unit: d, datatype: float64}
# - {name: datetime_str, unit: '---', datatype: string}
# - {name: M1, unit: mag, datatype: float64}
# - {name: x, unit: AU, datatype: float64}
# - {name: k1, unit: '---', datatype: float64}
# - {name: y, unit: AU, datatype: float64}
# - {name: z, unit: AU, datatype: float64}
# - {name: vx, unit: AU / d, datatype: float64}
# - {name: vy, unit: AU / d, datatype: float64}
# - {name: vz, unit: AU / d, datatype: float64}
# - {name: x_s, unit: AU, datatype: float64}
# - {name: y_s, unit: AU, datatype: float64}
# - {name: z_s, unit: AU, datatype: float64}
# - {name: vx_s, unit: AU / d, datatype: float64}
# - {name: vy_s, unit: AU / d, datatype: float64}
# - {name: vz_s, unit: AU / d, datatype: float64}
# - {name: a_s_1, unit: AU, datatype: float64}
# - {name: c_s, unit: AU, datatype: float64}
# - {name: n_s_1, unit: AU, datatype: float64}
# - {name: va_s, unit: AU / d, datatype: float64}
# - {name: vc_s, unit: AU / d, datatype: float64}
# - {name: vn_s_1, unit: AU / d, datatype: float64}
# - {name: r_s_1, unit: AU, datatype: float64}
# - {name: t_s, unit: AU, datatype: float64}
# - {name: n_s_2, unit: AU, datatype: float64}
# - {name: vr_s_1, unit: AU / d, datatype: float64}
# - {name: vt_s, unit: AU / d, datatype: float64}
# - {name: vn_s_2, unit: AU / d, datatype: float64}
# - {name: a_s_2, unit: AU, datatype: float64}
# - {name: d_s, unit: AU, datatype: float64}
# - {name: r_s_2, unit: AU, datatype: float64}
# - {name: va_ra_s, unit: AU / d, datatype: float64}
# - {name: va_dec_s, unit: AU / d, datatype: float64}
# - {name: vr_s_2, unit: AU / d, datatype: float64}
# schema: astropy-2.0
targetname datetime_jd datetime_str M1 x k1 y z vx vy vz x_s y_s z_s vx_s vy_s vz_s a_s_1 c_s n_s_1 va_s vc_s vn_s_1 r_s_1 t_s n_s_2 vr_s_1 vt_s vn_s_2 a_s_2 d_s r_s_2 va_ra_s va_dec_s vr_s_2
[from data line 146]
"ATLAS (C/2025 N1)" 2460942.5 "A.D. 2025-Sep-24 00:00:00.0000" 12.3 -0.8932300704135901 4.5 -1.638824125178479 0.1575100021000198 -0.01318866398043822 0.03549834767546402 -0.001704897056113481 5.92232886e-05 5.17686882e-05 5.17972262e-06 7.44589874e-07 2.03280584e-07 1.19601337e-08 2.81123859e-05 7.36315624e-05 1.52029278e-06 4.47962041e-07 6.27684725e-07 3.49573606e-08 7.39670655e-05 2.72173924e-05 1.52029278e-06 1.82460164e-07 7.49243881e-07 3.49573606e-08 2.72345646e-05 1.17312743e-06 7.39670655e-05 7.49640874e-07 2.50393813e-08 1.82460164e-07
"ATLAS (C/2025 N1)" 2460943.5 "A.D. 2025-Sep-25 00:00:00.0000" 12.3 -0.9063982516509903 4.5 -1.603288658414831 0.1558015240030036 -0.01314732290973412 0.03557280875729034 -0.001712093896121718 5.99689527e-05 5.15725338e-05 5.17211958e-06 7.46802316e-07 1.96854479e-07 1.15019671e-08 2.77962653e-05 7.42138953e-05 1.55490603e-06 4.41517845e-07 6.32805301e-07 3.48873052e-08 7.45733461e-05 2.68169845e-05 1.55490603e-06 2.00519405e-07 7.45099003e-07 3.48873052e-08 2.6833193e-05 1.24424591e-06 7.45733461e-05 7.45463706e-07 2.5952124e-08 2.00519405e-07
"ATLAS (C/2025 N1)" 2460944.5 "A.D. 2025-Sep-26 00:00:00.0000" 12.3 -0.9195239465490869 4.5 -1.567678065309307 0.1540857440510227 -0.01310367267638214 0.03564859668358321 -0.001719501497627163 6.07169493e-05 5.13830873e-05 5.16516936e-06 7.49258213e-07 1.90172399e-07 1.10357797e-08 2.74925694e-05 7.48002728e-05 1.58945986e-06 4.348476e-07 6.38256092e-07 3.48127219e-08 7.52028043e-05 2.63715834e-05 1.58945986e-06 2.19200987e-07 7.40549931e-07 3.48127219e-08 2.63866358e-05 1.316149e-06 7.52028043e-05 7.40880102e-07 2.68849602e-08 2.19200987e-07
"ATLAS (C/2025 N1)" 2460945.5 "A.D. 2025-Sep-27 00:00:00.0000" 12.3 -0.9326047895293723 4.5 -1.531991031174283 0.1523624493344554 -0.01305759991911458 0.03572568598820725 -0.001727124108351938 6.14675331e-05 5.12006218e-05 5.15890762e-06 7.51980314e-07 1.83229666e-07 1.05659033e-08 2.72017768e-05 7.53909926e-05 1.62394872e-06 4.27948551e-07 6.44059604e-07 3.47333581e-08 7.58551892e-05 2.5879117e-05 1.62394872e-06 2.38511205e-07 7.35571302e-07 3.47333581e-08 2.5892812e-05 1.38859358e-06 7.58551892e-05 7.35864589e-07 2.7836181e-08 2.38511205e-07
"ATLAS (C/2025 N1)" 2460946.5 "A.D. 2025-Sep-28 00:00:00.0000" 12.3 -0.9456383001170491 4.5 -1.496226270359782 0.1506314228512309 -0.01300898826282698 0.03580404394676542 -0.001734965655640351 6.22209824e-05 5.10254171e-05 5.15337188e-06 7.54993046e-07 1.76022925e-07 1.00983621e-08 2.69243738e-05 7.59863737e-05 1.65836686e-06 4.20818961e-07 6.50239495e-07 3.46489427e-08 7.6530151e-05 2.53374602e-05 1.65836686e-06 2.58457794e-07 7.30136677e-07 3.46489427e-08 2.53495881e-05 1.4613197e-06 7.6530151e-05 7.30390621e-07 2.88037759e-08 2.58457794e-07
"ATLAS (C/2025 N1)" 2460947.5 "A.D. 2025-Sep-29 00:00:00.0000" 12.3 -0.9586218801091078 4.5 -1.46038253386283 0.1488924438574439 -0.0129577186959484 0.03588362986900236 -0.00174302968518949 6.29776006e-05 5.08577581e-05 5.14860161e-06 7.58322553e-07 1.68550489e-07 9.64138037e-09 2.66608523e-05 7.65867582e-05 1.69270831e-06 4.13458289e-07 6.56820542e-07 3.45591773e-08 7.72272307e-05 2.47444422e-05 1.69270831e-06 2.79049148e-07 7.24218582e-07 3.45591773e-08 2.4754785e-05 1.53404729e-06 7.72272307e-05 7.24430619e-07 2.97853945e-08 2.79049148e-07
"ATLAS (C/2025 N1)" 2460948.5 "A.D. 2025-Sep-30 00:00:00.0000" 12.3 -0.9715528111617661 4.5 -1.424458617661031 0.1471452882822212 -0.01290367003330672 0.03596439435738238 -0.001751319292932186 6.37377184e-05 5.06979341e-05 5.14463821e-06 7.61996725e-07 1.60812754e-07 9.20597949e-09 2.64117073e-05 7.71925118e-05 1.72696685e-06 4.05867395e-07 6.638286e-07 3.44637209e-08 7.79458504e-05 2.4097854e-05 1.72696685e-06 3.00293711e-07 7.17788575e-07 3.44637209e-08 2.41061865e-05 1.6064732e-06 7.79458504e-05 7.17956046e-07 3.07783018e-08 3.00293711e-07
"ATLAS (C/2025 N1)" 2460949.5 "A.D. 2025-Oct-01 00:00:00.0000" 12.3 -0.9844282528886936 4.5 -1.38845337180677 0.14538972921836 -0.01284671947831478 0.03604627852607997 -0.001759837038285277 6.4501695e-05 5.05462375e-05 5.14152509e-06 7.66045222e-07 1.52812742e-07 8.80660729e-09 2.61774348e-05 7.78040254e-05 1.7611359e-06 3.98048787e-07 6.71290531e-07 3.43621789e-08 7.86853032e-05 2.33954595e-05 1.7611359e-06 3.22199448e-07 7.10817367e-07 3.43621789e-08 2.34015499e-05 1.67826867e-06 7.86853032e-05 7.10937523e-07 3.17793374e-08 3.22199448e-07
"ATLAS (C/2025 N1)" 2460950.5 "A.D. 2025-Oct-02 00:00:00.0000" 12.3 -0.9972452415847869 4.5 -1.352365710322515 0.143625537520933 -0.0127867433211121 0.03612921318335123 -0.001768584808544669 6.52699202e-05 5.04029616e-05 5.1393077e-06 7.70499471e-07 1.44556822e-07 8.46164882e-09 2.59585279e-05 7.84217162e-05 1.79520857e-06 3.90006941e-07 6.79234089e-07 3.42541489e-08 7.9444743e-05 2.26350073e-05 1.79520857e-06 3.44773334e-07 7.03274989e-07 3.42541489e-08 2.26386187e-05 1.7490771e-06 7.9444743e-05 7.03345012e-07 3.2784929e-08 3.44773334e-07
"ATLAS (C/2025 N1)" 2460951.5 "A.D. 2025-Oct-03 00:00:00.0000" 12.3 -1.010000689743869 4.5 -1.316194621907229 0.1418524825774951 -0.0127236178387658 0.03621311804895119 -0.001777563614232377 6.60428163e-05 5.02683987e-05 5.13803337e-06 7.75392514e-07 1.36055596e-07 8.19346898e-09 2.57554732e-05 7.90460283e-05 1.82917777e-06 3.81748602e-07 6.87687658e-07 3.41393978e-08 8.02231741e-05 2.1814246e-05 1.82917777e-06 3.68020805e-07 6.95130921e-07 3.41393978e-08 2.18151377e-05 1.81851232e-06 8.02231741e-05 6.95147932e-07 3.37912417e-08 3.68020805e-07
"ATLAS (C/2025 N1)" 2460952.5 "A.D. 2025-Oct-04 00:00:00.0000" 12.3 -1.022691386580085 4.5 -1.279939181340083 0.1400703332796054 -0.01265722038124533 0.03629790116522456 -0.001786773425487495 6.6820839e-05 5.01428376e-05 5.13775098e-06 7.80758676e-07 1.27324785e-07 8.02736793e-09 2.55687462e-05 7.9677434e-05 1.86303648e-06 3.73282792e-07 6.96679899e-07 3.40180126e-08 8.10194418e-05 2.09309418e-05 1.86303648e-06 3.91945348e-07 6.86353967e-07 3.40180126e-08 2.09288709e-05 1.88615755e-06 8.10194418e-05 6.86315052e-07 3.47943025e-08 3.91945348e-07
"ATLAS (C/2025 N1)" 2460953.5 "A.D. 2025-Oct-05 00:00:00.0000" 12.3 -1.035313999638848 4.5 -1.243598561378614 0.1382788590518494 -0.01258743042344505 0.0363834584514402 -0.001796213233459574 6.76044791e-05 5.00265615e-05 5.13851061e-06 7.86633398e-07 1.18386341e-07 7.98904604e-09 2.53988075e-05 8.03164339e-05 1.89677787e-06 3.64620721e-07 7.0623965e-07 3.38901271e-08 8.1832223e-05 1.99828991e-05 1.89677787e-06 4.16548362e-07 6.76912236e-07 3.38901271e-08 1.9977623e-05 1.95156464e-06 8.1832223e-05 6.7681446e-07 3.57897064e-08 4.16548362e-07
"ATLAS (C/2025 N1)" 2460954.5 "A.D. 2025-Oct-06 00:00:00.0000" 12.3 -1.047865077406514 4.5 -1.207172045176351 0.1364778307592955 -0.0125141305474684 0.03646967306830002 -0.001805881169707016 6.83942633e-05 4.99198446e-05 5.14036361e-06 7.93053332e-07 1.09270607e-07 8.1010434e-09 2.52460984e-05 8.0963557e-05 1.930395e-06 3.55776231e-07 7.1639592e-07 3.37555632e-08 8.26600179e-05 1.89679858e-05 1.930395e-06 4.41828846e-07 6.66773659e-07 3.37555632e-08 1.8959264e-05 2.01425362e-06 8.26600179e-05 6.66614096e-07 3.67722396e-08 4.41828846e-07
"ATLAS (C/2025 N1)" 2460955.5 "A.D. 2025-Oct-07 00:00:00.0000" 12.3 -1.060341053002809 4.5 -1.170659039429428 0.1346670216023841 -0.01243720767446238 0.03655641465214831 -0.001815774395739567 6.91907554e-05 4.98229496e-05 5.14336271e-06 8.00056131e-07 1.00019637e-07 8.37912327e-09 2.51110354e-05 8.16193616e-05 1.96388053e-06 3.4676639e-07 7.27177506e-07 3.3613925e-08 8.35011437e-05 1.78841635e-05 1.96388053e-06 4.67782757e-07 6.55906508e-07 3.3613925e-08 1.78717612e-05 2.07371265e-06 8.35011437e-05 6.55682271e-07 3.77359571e-08 4.67782757e-07
"ATLAS (C/2025 N1)" 2460956.5 "A.D. 2025-Oct-08 00:00:00.0000" 12.3 -1.072738249276585 4.5 -1.134059088208009 0.132846208202254 -0.01235655461812203 0.03664353874714807 -0.001825888872197184 6.99945575e-05 4.97361234e-05 5.14756196e-06 8.07679976e-07 9.06918201e-08 8.82992081e-09 2.49940041e-05 8.22844353e-05 1.99722675e-06 3.37611729e-07 7.38612445e-07 3.34648148e-08 8.43537283e-05 1.67295265e-05 1.99722675e-06 4.94402466e-07 6.44279618e-07 3.34648148e-08 1.67132173e-05 2.12939887e-06 8.43537283e-05 6.43987897e-07 3.86743901e-08 4.94402466e-07
"ATLAS (C/2025 N1)" 2460957.5 "A.D. 2025-Oct-09 00:00:00.0000" 12.3 -1.085052885546811 4.5 -1.09737188722462 0.1310151718977588 -0.01227207179826309 0.03673088648830784 -0.001836219179271279 7.08063096e-05 4.96595931e-05 5.15301636e-06 8.15963066e-07 8.13691046e-08 9.45098471e-09 2.48953521e-05 8.2959394e-05 2.0304256e-06 3.2833634e-07 7.5072752e-07 3.33079033e-08 8.5215707e-05 1.5502351e-05 2.0304256e-06 5.21676345e-07 6.31862606e-07 3.33079033e-08 1.54819213e-05 2.18074026e-06 8.5215707e-05 6.31500708e-07 3.95806156e-08 5.21676345e-07
"ATLAS (C/2025 N1)" 2460958.5 "A.D. 2025-Oct-10 00:00:00.0000" 12.3 -1.097281086102088 4.5 -1.060597298323242 0.1291737001889287 -0.01218366904144192 0.03681828446993703 -0.001846758397599024 7.16266898e-05 4.95935612e-05 5.15978151e-06 8.24943114e-07 7.21690194e-08 1.02329884e-08 2.48153823e-05 8.36448818e-05 2.06346876e-06 3.18967991e-07 7.63547765e-07 3.31429206e-08 8.6084821e-05 1.42011637e-05 2.06346876e-06 5.49588386e-07 6.186262e-07 3.31429206e-08 1.41764173e-05 2.22713838e-06 8.6084821e-05 6.18191594e-07 4.04472572e-08 5.49588386e-07
"ATLAS (C/2025 N1)" 2460959.5 "A.D. 2025-Oct-11 00:00:00.0000" 12.3 -1.109418890543409 4.5 -1.023735364012864 0.1273215882838709 -0.01209126746759453 0.03690554479152142 -0.001857498016247561 7.24564136e-05 4.95382017e-05 5.16791323e-06 8.34656769e-07 6.32650211e-08 1.11627727e-08 2.47543457e-05 8.43415693e-05 2.09634771e-06 3.09538232e-07 7.77095926e-07 3.29696412e-08 8.69586184e-05 1.28248442e-05 2.09634771e-06 5.78117807e-07 6.04542634e-07 3.29696412e-08 1.27956089e-05 2.26797216e-06 8.69586184e-05 6.04033005e-07 4.12664908e-08 5.78117807e-07
"ATLAS (C/2025 N1)" 2460960.5 "A.D. 2025-Oct-12 00:00:00.0000" 12.3 -1.121462266055881 4.5 -0.9867863218545532 0.1254586407310082 -0.01199480145924069 0.03699246531073519 -0.001868427853139295 7.3296232e-05 4.94936544e-05 5.1774671e-06 8.45138969e-07 5.49204092e-08 1.22259495e-08 2.47124339e-05 8.5050152e-05 2.12905376e-06 3.00082462e-07 7.91391858e-07 3.27878753e-08 8.78344592e-05 1.13727973e-05 2.12905376e-06 6.0723866e-07 5.89586097e-07 3.27878753e-08 1.13389333e-05 2.3026027e-06 8.78344592e-05 5.88999392e-07 4.20300709e-08 6.0723866e-07
"ATLAS (C/2025 N1)" 2460961.5 "A.D. 2025-Oct-13 00:00:00.0000" 12.3 -1.133407121683092 4.5 -0.9497506184772484 0.1235846731253307 -0.01189422069304398 0.03707883013857967 -0.001879535986999259 7.41469301e-05 4.94600199e-05 5.18849798e-06 8.56422205e-07 4.75396758e-08 1.34085299e-08 2.46897713e-05 8.57713478e-05 2.16157804e-06 2.9063992e-07 8.06451886e-07 3.25974677e-08 8.87095227e-05 9.84527776e-06 2.16157804e-06 6.3691948e-07 5.73733199e-07 3.25974677e-08 9.80669394e-06 2.33037934e-06 8.87095227e-05 5.73067691e-07 4.27293767e-08 6.3691948e-07
"ATLAS (C/2025 N1)" 2460962.5 "A.D. 2025-Oct-14 00:00:00.0000" 12.3 -1.145249324650989 4.5 -0.9126289229642426 0.1216995138755184 -0.01178949220095235 0.03716441040754544 -0.001890808704383776 7.50093238e-05 4.9437355e-05 5.20105951e-06 8.68535729e-07 4.17213542e-08 1.46976544e-08 2.46864078e-05 8.65058944e-05 2.19391159e-06 2.81253593e-07 8.22288132e-07 3.23982994e-08 8.95808196e-05 8.24410424e-06 2.19391159e-06 6.67122964e-07 5.56963469e-07 3.23982994e-08 8.20079032e-06 2.35064689e-06 8.95808196e-05 5.56217815e-07 4.33554773e-08 6.67122964e-07
"ATLAS (C/2025 N1)" 2460963.5 "A.D. 2025-Oct-15 00:00:00.0000" 12.3 -1.156984718750565 4.5 -0.8754221393242371 0.1198030060146512 -0.01168060241907768 0.03724896533800571 -0.00190223046621815 7.58842563e-05 4.94256665e-05 5.21520349e-06 8.81504698e-07 3.82242105e-08 1.60817314e-08 2.47023112e-05 8.72545458e-05 2.22604536e-06 2.71970027e-07 8.38907822e-07 3.21902904e-08 9.04452081e-05 6.57451581e-06 2.22604536e-06 6.97805719e-07 5.3925987e-07 3.21902904e-08 6.52663224e-06 2.36275426e-06 9.04452081e-05 5.38433173e-07 4.3899214e-08 6.97805719e-07
"ATLAS (C/2025 N1)" 2460964.5 "A.D. 2025-Oct-16 00:00:00.0000" 12.3 -1.168609144743076 4.5 -0.8381314177388036 0.1178950090328128 -0.01156755917510306 0.03733224362151001 -0.001913783898165812 7.67725936e-05 4.94249068e-05 5.23097932e-06 8.95349287e-07 3.76772751e-08 1.75502727e-08 2.47373597e-05 8.8018068e-05 2.25797024e-06 2.62839032e-07 8.56312607e-07 3.19734038e-08 9.12994141e-05 4.85121015e-06 2.25797024e-06 7.28918081e-07 5.20609324e-07 3.19734038e-08 4.79941758e-06 2.36606433e-06 9.12994141e-05 5.19701192e-07 4.43512998e-08 7.28918081e-07
"ATLAS (C/2025 N1)" 2460965.5 "A.D. 2025-Oct-17 00:00:00.0000" 12.3 -1.180118462699064 4.5 -0.800758164263211 0.1159754007057429 -0.01145039355881067 0.037413985131841 -0.001925449808784276 7.76752189e-05 4.94349688e-05 5.24843334e-06 9.1008379e-07 4.01168205e-08 1.90936162e-08 2.47913358e-05 8.87972346e-05 2.28967713e-06 2.53913262e-07 8.74497897e-07 3.17476494e-08 9.21400558e-05 3.12558881e-06 2.28967713e-06 7.6040402e-07 5.01003236e-07 3.17476494e-08 3.07286364e-06 2.35996521e-06 9.21400558e-05 5.00013848e-07 4.47024348e-08 7.6040402e-07
"ATLAS (C/2025 N1)" 2460966.5 "A.D. 2025-Oct-18 00:00:00.0000" 12.3 -1.191508576124516 4.5 -0.7633040486512531 0.1140440788899755 -0.01132916161546184 0.03749392296534498 -0.001937207238923379 7.85930264e-05 4.94556811e-05 5.26760813e-06 9.25715723e-07 4.49248032e-08 2.07026393e-08 2.48639201e-05 8.95928211e-05 2.32115699e-06 2.45247694e-07 8.93452254e-07 3.15130879e-08 9.29636735e-05 1.68627736e-06 2.32115699e-06 7.92201158e-07 4.80438017e-07 3.15130879e-08 1.6545435e-06 2.34388288e-06 9.29636735e-05 4.79368178e-07 4.49434373e-08 7.92201158e-07
"ATLAS (C/2025 N1)" 2460967.5 "A.D. 2025-Oct-19 00:00:00.0000" 12.3 -1.202775457665503 4.5 -0.7257710099785261 0.1121009632517582 -0.01120394579866508 0.03757178580115701 -0.00194903354516882 7.95269143e-05 4.94868045e-05 5.28854186e-06 9.42244985e-07 5.12679675e-08 2.23685098e-08 2.49546861e-05 9.04055996e-05 2.35240086e-06 2.36898971e-07 9.13156855e-07 3.12698339e-08 9.37667624e-05 1.92433269e-06 2.35240086e-06 8.24240895e-07 4.58915582e-07 3.12698339e-08 1.96646614e-06 2.3172952e-06 9.37667624e-05 4.5776678e-07 4.50653877e-08 8.24240895e-07
"ATLAS (C/2025 N1)" 2460968.5 "A.D. 2025-Oct-20 00:00:00.0000" 12.3 -1.213915176118642 4.5 -0.6881612597539892 0.1101459968946425 -0.0110748561185312 0.03764730055973813 -0.001960904519308714 8.04777762e-05 4.95280285e-05 5.31126761e-06 9.59663084e-07 5.84505509e-08 2.40824914e-08 2.50630969e-05 9.12363317e-05 2.38339994e-06 2.28924647e-07 9.33585054e-07 3.10180588e-08 9.45458108e-05 3.64920459e-06 2.38339994e-06 8.56448674e-07 4.3644383e-07 3.10180588e-08 3.71484064e-06 2.27974745e-06 9.45458108e-05 4.35218282e-07 4.50597833e-08 8.56448674e-07
"ATLAS (C/2025 N1)" 2460969.5 "A.D. 2025-Oct-21 00:00:00.0000" 12.3 -1.224923924411238 4.5 -0.650477282237727 0.1081791478491452 -0.01094203092278163 0.03772019532504053 -0.001972794544791054 8.14464931e-05 4.9578969e-05 5.33581272e-06 9.77952484e-07 6.5982691e-08 2.58358063e-08 2.51885021e-05 9.2085762e-05 2.41414564e-06 2.21382331e-07 9.54702087e-07 3.07579933e-08 9.52973401e-05 5.71534504e-06 2.41414564e-06 8.88744381e-07 4.13037089e-07 3.07579933e-08 5.78934276e-06 2.23086946e-06 9.52973401e-05 4.11737782e-07 4.49187008e-08 8.88744381e-07
