estimation/data/3I-Ephemeris-Uncertainty.ecsv
# %ECSV 1.0
# ---
# datatype:
# - {name: targetname, unit: '---', datatype: string}
# - {name: datetime_jd, unit: d, datatype: float64}
# - {name: datetime_str, unit: '---', datatype: string}
# - {name: M1, unit: mag, datatype: float64}
# - {name: x, unit: AU, datatype: float64}
# - {name: k1, unit: '---', datatype: float64}
# - {name: y, unit: AU, datatype: float64}
# - {name: z, unit: AU, datatype: float64}
# - {name: vx, unit: AU / d, datatype: float64}
# - {name: vy, unit: AU / d, datatype: float64}
# - {name: vz, unit: AU / d, datatype: float64}
# - {name: x_s, unit: AU, datatype: float64}
# - {name: y_s, unit: AU, datatype: float64}
# - {name: z_s, unit: AU, datatype: float64}
# - {name: vx_s, unit: AU / d, datatype: float64}
# - {name: vy_s, unit: AU / d, datatype: float64}
# - {name: vz_s, unit: AU / d, datatype: float64}
# - {name: a_s_1, unit: AU, datatype: float64}
# - {name: c_s, unit: AU, datatype: float64}
# - {name: n_s_1, unit: AU, datatype: float64}
# - {name: va_s, unit: AU / d, datatype: float64}
# - {name: vc_s, unit: AU / d, datatype: float64}
# - {name: vn_s_1, unit: AU / d, datatype: float64}
# - {name: r_s_1, unit: AU, datatype: float64}
# - {name: t_s, unit: AU, datatype: float64}
# - {name: n_s_2, unit: AU, datatype: float64}
# - {name: vr_s_1, unit: AU / d, datatype: float64}
# - {name: vt_s, unit: AU / d, datatype: float64}
# - {name: vn_s_2, unit: AU / d, datatype: float64}
# - {name: a_s_2, unit: AU, datatype: float64}
# - {name: d_s, unit: AU, datatype: float64}
# - {name: r_s_2, unit: AU, datatype: float64}
# - {name: va_ra_s, unit: AU / d, datatype: float64}
# - {name: va_dec_s, unit: AU / d, datatype: float64}
# - {name: vr_s_2, unit: AU / d, datatype: float64}
# schema: astropy-2.0
targetname datetime_jd datetime_str M1 x k1 y z vx vy vz x_s y_s z_s vx_s vy_s vz_s a_s_1 c_s n_s_1 va_s vc_s vn_s_1 r_s_1 t_s n_s_2 vr_s_1 vt_s vn_s_2 a_s_2 d_s r_s_2 va_ra_s va_dec_s vr_s_2
[from data line 204]
"ATLAS (C/2025 N1)" 2461000.5 "A.D. 2025-Nov-21 00:00:00.0000" 12.3 -1.492779625948095 4.5 0.5334847721951574 0.04229138412612066 -0.006493451474305544 0.03804050601317861 -0.002227795131960177 0.000122185746 5.176063e-05 6.83240645e-06 1.60178467e-06 4.81530753e-08 6.04751615e-08 3.08513409e-05 0.000129201523 3.21905807e-06 3.03126662e-07 1.57459119e-06 2.16083569e-08 9.78148353e-05 8.98726691e-05 3.21905807e-06 1.52174625e-06 5.05481495e-07 2.16083569e-08 8.9829343e-05 4.2600611e-06 9.78148353e-05 5.05534422e-07 2.03325141e-08 1.52174625e-06
"ATLAS (C/2025 N1)" 2461001.5 "A.D. 2025-Nov-22 00:00:00.0000" 12.3 -1.499218269495875 4.5 0.5715052595829906 0.04006206550665634 -0.006384411701928179 0.03800024858410209 -0.002230797016003092 0.000123793112 5.17201329e-05 6.89278896e-06 1.61283616e-06 5.70248553e-08 6.05249937e-08 3.08876763e-05 0.000130700682 3.24043471e-06 3.11768308e-07 1.5844555e-06 2.13742182e-08 9.74228976e-05 9.24418516e-05 3.24043471e-06 1.52510247e-06 5.30811804e-07 2.13742182e-08 9.23894334e-05 4.49320981e-06 9.74228976e-05 5.30751692e-07 2.28181893e-08 1.52510247e-06
"ATLAS (C/2025 N1)" 2461002.5 "A.D. 2025-Nov-23 00:00:00.0000" 12.3 -1.505549596575241 4.5 0.609484858117202 0.0378298780517486 -0.006278813202244932 0.0379587570983669 -0.002233535026489003 0.000125411161 5.1668525e-05 6.95319843e-06 1.62315166e-06 6.65630008e-08 6.05321472e-08 3.09081021e-05 0.000132211928 3.26158083e-06 3.20350649e-07 1.59362617e-06 2.11469577e-08 9.70273701e-05 9.49789148e-05 3.26158083e-06 1.52764152e-06 5.55500048e-07 2.11469577e-08 9.49174846e-05 4.72263594e-06 9.70273701e-05 5.55328085e-07 2.52629284e-08 1.52764152e-06
"ATLAS (C/2025 N1)" 2461003.5 "A.D. 2025-Nov-24 00:00:00.0000" 12.3 -1.511777030544866 4.5 0.6474224185109321 0.03559507897248784 -0.00617661829009286 0.03791619947820794 -0.002236022476540802 0.000127039169 5.16058587e-05 7.01359438e-06 1.63275967e-06 7.64723014e-08 6.0500476e-08 3.09126527e-05 0.000133734583 3.28250327e-06 3.28848911e-07 1.60213387e-06 2.09265317e-08 9.66302922e-05 9.74839347e-05 3.28250327e-06 1.52941313e-06 5.79542937e-07 2.09265317e-08 9.74135959e-05 4.94809915e-06 9.66302922e-05 5.79260691e-07 2.76583886e-08 1.52941313e-06
"ATLAS (C/2025 N1)" 2461004.5 "A.D. 2025-Nov-25 00:00:00.0000" 12.3 -1.517903951759181 4.5 0.6853169545062014 0.03335791221828568 -0.006077778891846734 0.03787273382310974 -0.002238272560869372 0.000128676445 5.15322192e-05 7.07394009e-06 1.64169012e-06 8.65705058e-08 6.043367e-08 3.09014136e-05 0.000135267991 3.30320882e-06 3.37241445e-07 1.61001004e-06 2.07128725e-08 9.62335561e-05 9.99571374e-05 3.30320882e-06 1.53046636e-06 6.02940149e-07 2.07128725e-08 9.98780139e-05 5.16941474e-06 9.62335561e-05 6.02549524e-07 2.99986283e-08 1.53046636e-06
"ATLAS (C/2025 N1)" 2461005.5 "A.D. 2025-Nov-26 00:00:00.0000" 12.3 -1.52393368791541 4.5 0.7231676329680714 0.03111860863945415 -0.005982238002416884 0.03782850826794216 -0.00224029826981509 0.000130322326 5.14477208e-05 7.13420241e-06 1.64997395e-06 9.6739187e-08 6.03352374e-08 3.08745152e-05 0.000136811516 3.32370421e-06 3.45509566e-07 1.61728646e-06 2.05058923e-08 9.58389062e-05 0.00010239888 3.32370421e-06 1.53084924e-06 6.25693996e-07 2.05058923e-08 0.000102311113 5.38644695e-06 9.58389062e-05 6.25197178e-07 3.22793684e-08 1.53084924e-06
"ATLAS (C/2025 N1)" 2461006.5 "A.D. 2025-Nov-27 00:00:00.0000" 12.3 -1.529869505813794 4.5 0.760973763906319 0.02887738622875917 -0.005889931052946371 0.03778366097631727 -0.002242112317209484 0.000131976181 5.13525028e-05 7.1943516e-06 1.65764265e-06 1.06897424e-07 6.02084919e-08 3.08321279e-05 0.000138364548 3.34399604e-06 3.53637364e-07 1.62399495e-06 2.03054852e-08 9.5447942e-05 0.000104809631 3.34399604e-06 1.53060849e-06 6.47809099e-07 2.03054852e-08 0.000104713376 5.59910292e-06 9.5447942e-05 6.47208513e-07 3.44975519e-08 1.53060849e-06
"ATLAS (C/2025 N1)" 2461007.5 "A.D. 2025-Nov-28 00:00:00.0000" 12.3 -1.535714604437304 4.5 0.798734790549387 0.02663445042860397 -0.005800787181045294 0.03773832024840745 -0.002243727081076617 0.000133637411 5.12467262e-05 7.25436111e-06 1.66472787e-06 1.16987561e-07 6.00565456e-08 3.07744566e-05 0.000139926502 3.36409081e-06 3.61611507e-07 1.63016699e-06 2.01115304e-08 9.50621213e-05 0.000107189954 3.36409081e-06 1.52978933e-06 6.69292092e-07 2.01115304e-08 0.000107085379 5.80732728e-06 9.50621213e-05 6.68590366e-07 3.66510612e-08 1.52978933e-06
"ATLAS (C/2025 N1)" 2461008.5 "A.D. 2025-Nov-29 00:00:00.0000" 12.3 -1.541472109250796 4.5 0.8364502795751666 0.02438999449154161 -0.005714730398920832 0.03769260472364892 -0.002245154556089813 0.000135305448 5.11305709e-05 7.31420736e-06 1.67126112e-06 1.26967214e-07 5.98823052e-08 3.07017363e-05 0.000141496817 3.3839949e-06 3.69421033e-07 1.63583356e-06 1.99238946e-08 9.46827649e-05 0.000109540494 3.3839949e-06 1.52843529e-06 6.90151351e-07 1.99238946e-08 0.000109427775 6.01109722e-06 9.46827649e-05 6.89351271e-07 3.87385247e-08 1.52843529e-06
"ATLAS (C/2025 N1)" 2461009.5 "A.D. 2025-Nov-30 00:00:00.0000" 12.3 -1.547145067616427 4.5 0.8741199115843203 0.02214419988292409 -0.005631680657712073 0.03764662366023737 -0.002246406316646218 0.000136979755 5.10042318e-05 7.3738696e-06 1.67727348e-06 1.36804566e-07 5.96884723e-08 3.06142277e-05 0.000143074955 3.40371455e-06 3.77057141e-07 1.64102489e-06 1.97424339e-08 9.43110622e-05 0.000111861956 3.40371455e-06 1.52658811e-06 7.10396733e-07 1.97424339e-08 0.000111741278 6.21041804e-06 9.43110622e-05 7.09501213e-07 4.07591769e-08 1.52658811e-06
"ATLAS (C/2025 N1)" 2461010.5 "A.D. 2025-Dec-01 00:00:00.0000" 12.3 -1.552736445221717 4.5 0.9117434718845818 0.01989723671564974 -0.005551554808741979 0.03760047727499116 -0.002247493489410545 0.000138659828 5.08679168e-05 7.43332963e-06 1.6827954e-06 1.46475464e-07 5.94775463e-08 3.05122125e-05 0.000144660407 3.42325584e-06 3.84512986e-07 1.64577031e-06 1.95669963e-08 9.39480775e-05 0.000114155102 3.42325584e-06 1.5242876e-06 7.30039346e-07 1.95669963e-08 0.000114026654 6.40531915e-06 9.39480775e-05 7.29051394e-07 4.27127511e-08 1.5242876e-06
