estimation/data/3I-Ephemeris-Uncertainty.ecsv
# %ECSV 1.0
# ---
# datatype:
# - {name: targetname, unit: '---', datatype: string}
# - {name: datetime_jd, unit: d, datatype: float64}
# - {name: datetime_str, unit: '---', datatype: string}
# - {name: M1, unit: mag, datatype: float64}
# - {name: x, unit: AU, datatype: float64}
# - {name: k1, unit: '---', datatype: float64}
# - {name: y, unit: AU, datatype: float64}
# - {name: z, unit: AU, datatype: float64}
# - {name: vx, unit: AU / d, datatype: float64}
# - {name: vy, unit: AU / d, datatype: float64}
# - {name: vz, unit: AU / d, datatype: float64}
# - {name: x_s, unit: AU, datatype: float64}
# - {name: y_s, unit: AU, datatype: float64}
# - {name: z_s, unit: AU, datatype: float64}
# - {name: vx_s, unit: AU / d, datatype: float64}
# - {name: vy_s, unit: AU / d, datatype: float64}
# - {name: vz_s, unit: AU / d, datatype: float64}
# - {name: a_s_1, unit: AU, datatype: float64}
# - {name: c_s, unit: AU, datatype: float64}
# - {name: n_s_1, unit: AU, datatype: float64}
# - {name: va_s, unit: AU / d, datatype: float64}
# - {name: vc_s, unit: AU / d, datatype: float64}
# - {name: vn_s_1, unit: AU / d, datatype: float64}
# - {name: r_s_1, unit: AU, datatype: float64}
# - {name: t_s, unit: AU, datatype: float64}
# - {name: n_s_2, unit: AU, datatype: float64}
# - {name: vr_s_1, unit: AU / d, datatype: float64}
# - {name: vt_s, unit: AU / d, datatype: float64}
# - {name: vn_s_2, unit: AU / d, datatype: float64}
# - {name: a_s_2, unit: AU, datatype: float64}
# - {name: d_s, unit: AU, datatype: float64}
# - {name: r_s_2, unit: AU, datatype: float64}
# - {name: va_ra_s, unit: AU / d, datatype: float64}
# - {name: va_dec_s, unit: AU / d, datatype: float64}
# - {name: vr_s_2, unit: AU / d, datatype: float64}
# schema: astropy-2.0
targetname datetime_jd datetime_str M1 x k1 y z vx vy vz x_s y_s z_s vx_s vy_s vz_s a_s_1 c_s n_s_1 va_s vc_s vn_s_1 r_s_1 t_s n_s_2 vr_s_1 vt_s vn_s_2 a_s_2 d_s r_s_2 va_ra_s va_dec_s vr_s_2
[from data line 59]
"ATLAS (C/2025 N1)" 2460855.5 "A.D. 2025-Jun-29 00:00:00.0000" 12.3 0.3025358254353526 4.5 -4.560983824987161 0.2920760822046768 -0.0138468151454761 0.03250187099651018 -0.001468007753069006 4.34095673e-06 7.94146096e-05 6.73539726e-06 7.31434054e-07 3.67654098e-07 2.28890001e-08 7.49667606e-05 2.73546973e-05 1.61091004e-06 6.24425254e-07 5.2868575e-07 3.56888895e-08 7.97933475e-05 1.14732598e-06 1.61091004e-06 4.15547806e-07 7.0479468e-07 3.56888895e-08 1.0648624e-06 1.66657017e-06 7.97933475e-05 7.05633392e-07 9.52651628e-09 4.15547806e-07
"ATLAS (C/2025 N1)" 2460856.5 "A.D. 2025-Jun-30 00:00:00.0000" 12.3 0.2886885478179525 4.5 -4.528474899490714 0.2906076221850104 -0.01384773627199634 0.03251601485023183 -0.001468914839842052 3.61229675e-06 7.90481233e-05 6.71384576e-06 7.31398268e-07 3.67161696e-07 2.28645213e-08 7.43464897e-05 2.78719837e-05 1.57550016e-06 6.23886322e-07 5.28928857e-07 3.56937873e-08 7.93830033e-05 1.60835239e-06 1.57550016e-06 4.13248996e-07 7.05850654e-07 3.56937873e-08 1.52212505e-06 1.65895555e-06 7.93830033e-05 7.06688801e-07 9.4936525e-09 4.13248996e-07
"ATLAS (C/2025 N1)" 2460857.5 "A.D. 2025-Jul-01 00:00:00.0000" 12.3 0.2748403607481996 4.5 -4.495951724832572 0.2891382473557548 -0.01384863382590412 0.03253037007038015 -0.001469837434711659 2.88506772e-06 7.86821435e-05 6.69232981e-06 7.3136156e-07 3.66660947e-07 2.28395605e-08 7.37269158e-05 2.83894449e-05 1.54009836e-06 6.23337745e-07 5.29176045e-07 3.56986812e-08 7.89763445e-05 2.08703373e-06 1.54009836e-06 4.10912443e-07 7.0691456e-07 3.56986812e-08 2.00033009e-06 1.65114878e-06 7.89763445e-05 7.07752144e-07 9.46005294e-09 4.10912443e-07
"ATLAS (C/2025 N1)" 2460858.5 "A.D. 2025-Jul-02 00:00:00.0000" 12.3 0.2609912884821633 4.5 -4.463414087374447 0.2876679420194877 -0.01384950642955604 0.03254494122122698 -0.001470775918276455 2.16067905e-06 7.83166787e-05 6.67085001e-06 7.31323906e-07 3.66151614e-07 2.28141024e-08 7.3108054e-05 2.89070795e-05 1.50470555e-06 6.22779253e-07 5.29427427e-07 3.57035692e-08 7.85734471e-05 2.57297751e-06 1.50470555e-06 4.08537238e-07 7.07986387e-07 3.57035692e-08 2.48685137e-06 1.64314404e-06 7.85734471e-05 7.08823409e-07 9.42571494e-09 4.08537238e-07
"ATLAS (C/2025 N1)" 2460859.5 "A.D. 2025-Jul-03 00:00:00.0000" 12.3 0.2471413566862776 4.5 -4.430861768851462 0.2861966900922718 -0.01385035263932835 0.03255973299235043 -0.00147173068304343 1.44335791e-06 7.79517379e-05 6.64940701e-06 7.31285286e-07 3.65633456e-07 2.2788131e-08 7.24899199e-05 2.94248863e-05 1.46932275e-06 6.22210564e-07 5.29683125e-07 3.57084493e-08 7.81743893e-05 3.06223421e-06 1.46932275e-06 4.06122441e-07 7.0906612e-07 3.57084493e-08 2.97710836e-06 1.63493533e-06 7.81743893e-05 7.09902579e-07 9.39063733e-09 4.06122441e-07
"ATLAS (C/2025 N1)" 2460860.5 "A.D. 2025-Jul-04 00:00:00.0000" 12.3 0.2332905925049655 4.5 -4.398294546244842 0.2847244750915227 -0.01385117094229809 0.03257475020263397 -0.001472702133872875 7.53454725e-07 7.758733e-05 6.62800146e-06 7.31245676e-07 3.65106219e-07 2.27616296e-08 7.18725298e-05 2.99428643e-05 1.43395107e-06 6.21631385e-07 5.29943262e-07 3.57133195e-08 7.77792514e-05 3.55298743e-06 1.43395107e-06 4.03667084e-07 7.10153733e-07 3.57133195e-08 3.46906031e-06 1.62651648e-06 7.77792514e-05 7.10989629e-07 9.35482061e-09 4.03667084e-07
"ATLAS (C/2025 N1)" 2460861.5 "A.D. 2025-Jul-05 00:00:00.0000" 12.3 0.2194390246316739 4.5 -4.365712191650561 0.2832512801234275 -0.01385195975274111 0.03258999780440355 -0.001473690688442249 3.48709227e-07 7.72234646e-05 6.60663403e-06 7.31205054e-07 3.64569639e-07 2.27345809e-08 7.12559004e-05 3.04610127e-05 1.39859172e-06 6.21041413e-07 5.30207967e-07 3.57181775e-08 7.73881157e-05 4.04427847e-06 1.39859172e-06 4.01170171e-07 7.11249196e-07 3.57181775e-08 3.96165468e-06 1.61788115e-06 7.73881157e-05 7.1208453e-07 9.31826712e-09 4.01170171e-07
"ATLAS (C/2025 N1)" 2460862.5 "A.D. 2025-Jul-06 00:00:00.0000" 12.3 0.2055866833835064 4.5 -4.33311447214377 0.281777087869886 -0.01385271740843542 0.03260548088770764 -0.001474696777729845 8.63027679e-07 7.68601513e-05 6.58530542e-06 7.31163398e-07 3.64023444e-07 2.27069665e-08 7.0640049e-05 3.0979331e-05 1.36324606e-06 6.20440333e-07 5.30477377e-07 3.57230208e-08 7.7001067e-05 4.53554453e-06 1.36324606e-06 3.9863067e-07 7.12352472e-07 3.57230208e-08 4.45428442e-06 1.60902279e-06 7.7001067e-05 7.13187242e-07 9.28098133e-09 3.9863067e-07
"ATLAS (C/2025 N1)" 2460863.5 "A.D. 2025-Jul-07 00:00:00.0000" 12.3 0.1917336007796543 4.5 -4.300501149638866 0.2803018805749599 -0.01385344216675954 0.03262120468474404 -0.001475720846519134 1.56114264e-06 7.64973999e-05 6.56401634e-06 7.31120686e-07 3.63467349e-07 2.26787675e-08 7.00249934e-05 3.14978191e-05 1.32791559e-06 6.19827818e-07 5.30751632e-07 3.57278471e-08 7.66181921e-05 5.02642486e-06 1.32791559e-06 3.96047518e-07 7.13463512e-07 3.57278471e-08 4.94656605e-06 1.59993471e-06 7.66181921e-05 7.14297717e-07 9.24297005e-09 3.96047518e-07
"ATLAS (C/2025 N1)" 2460864.5 "A.D. 2025-Jul-08 00:00:00.0000" 12.3 0.1778798106238371 4.5 -4.267871980745078 0.2788256400308078 -0.01385413220057328 0.03263717457443861 -0.001476763353924703 2.28001249e-06 7.61352207e-05 6.54276753e-06 7.31076896e-07 3.62901058e-07 2.26499641e-08 6.9410752e-05 3.20164768e-05 1.29260197e-06 6.19203526e-07 5.31030881e-07 3.57326536e-08 7.62395805e-05 5.51666998e-06 1.29260197e-06 3.93419618e-07 7.14582261e-07 3.57326536e-08 5.43823753e-06 1.59060997e-06 7.62395805e-05 7.15415902e-07 9.20424272e-09 3.93419618e-07
"ATLAS (C/2025 N1)" 2460865.5 "A.D. 2025-Jul-09 00:00:00.0000" 12.3 0.164025348590976 4.5 -4.235226716617378 0.2773483475630786 -0.01385478559386813 0.03265339608717996 -0.001477824773940792 3.00474499e-06 7.57736243e-05 6.52155975e-06 7.31032005e-07 3.62324263e-07 2.26205355e-08 6.8797344e-05 3.25353042e-05 1.25730704e-06 6.18567107e-07 5.31315276e-07 3.57374375e-08 7.5865324e-05 6.00609521e-06 1.25730704e-06 3.90745837e-07 7.15708655e-07 3.57374375e-08 5.92910689e-06 1.58104146e-06 7.5865324e-05 7.16541729e-07 9.16481173e-09 3.90745837e-07
"ATLAS (C/2025 N1)" 2460866.5 "A.D. 2025-Jul-10 00:00:00.0000" 12.3 0.1501702523183387 4.5 -4.202565102802581 0.2758699840157521 -0.01385540033717357 0.03266987490971479 -0.001478905596013445 3.73189899e-06 7.54126215e-05 6.50039377e-06 7.30985991e-07 3.61736644e-07 2.259046e-08 6.8184789e-05 3.30543018e-05 1.22203287e-06 6.17918191e-07 5.31604978e-07 3.57421959e-08 7.54955169e-05 6.49455529e-06 1.22203287e-06 3.88025006e-07 7.16842617e-07 3.57421959e-08 6.41902443e-06 1.57122188e-06 7.54955169e-05 7.17675123e-07 9.12469274e-09 3.88025006e-07
"ATLAS (C/2025 N1)" 2460867.5 "A.D. 2025-Jul-11 00:00:00.0000" 12.3 0.1363145615014047 4.5 -4.16988687908048 0.2743905297353867 -0.01385597432270457 0.03268661689020878 -0.001480006325637377 4.46026686e-06 7.50522235e-05 6.47927042e-06 7.30938834e-07 3.61137867e-07 2.25597151e-08 6.75731074e-05 3.357347e-05 1.18678175e-06 6.17256398e-07 5.31900155e-07 3.57469257e-08 7.51302562e-05 6.98192965e-06 1.18678175e-06 3.85255917e-07 7.17984063e-07 3.57469257e-08 6.90786675e-06 1.56114368e-06 7.51302562e-05 7.18815999e-07 9.08390509e-09 3.85255917e-07
"ATLAS (C/2025 N1)" 2460868.5 "A.D. 2025-Jul-12 00:00:00.0000" 12.3 0.1224583179947206 4.5 -4.137191779299815 0.2729099645547638 -0.01385650533923483 0.03270362804347697 -0.001481127484978651 5.18931666e-06 7.46924418e-05 6.45819051e-06 7.30890513e-07 3.60527583e-07 2.25282769e-08 6.69623204e-05 3.40928096e-05 1.15155628e-06 6.16581331e-07 5.32200984e-07 3.57516234e-08 7.47696416e-05 7.46811344e-06 1.15155628e-06 3.82437321e-07 7.19132894e-07 3.57516234e-08 7.39552718e-06 1.55079913e-06 7.47696416e-05 7.19964258e-07 9.04247218e-09 3.82437321e-07
"ATLAS (C/2025 N1)" 2460869.5 "A.D. 2025-Jul-13 00:00:00.0000" 12.3 0.1086015659180244 4.5 -4.104479531208951 0.2714282677758946 -0.01385699106667889 0.03272091455638866 -0.001482269613524361 5.91877754e-06 7.43332883e-05 6.43715492e-06 7.30841006e-07 3.59905432e-07 2.24961206e-08 6.63524498e-05 3.46123214e-05 1.11635935e-06 6.15892576e-07 5.32507647e-07 3.57562857e-08 7.44137755e-05 7.95301185e-06 1.11635935e-06 3.7956793e-07 7.20289002e-07 3.57562857e-08 7.88190969e-06 1.54018025e-06 7.44137755e-05 7.21119789e-07 9.00042192e-09 3.7956793e-07
"ATLAS (C/2025 N1)" 2460870.5 "A.D. 2025-Jul-14 00:00:00.0000" 12.3 0.09474435176794199 4.5 -4.071749856281026 0.2699454181523597 -0.01385742907036567 0.03273848279345101 -0.001483433268760602 6.64849687e-06 7.39747753e-05 6.41616454e-06 7.30790295e-07 3.59271034e-07 2.24632203e-08 6.57435182e-05 3.51320067e-05 1.08119426e-06 6.15189705e-07 5.32820337e-07 3.57609088e-08 7.40627635e-05 8.43653638e-06 1.08119426e-06 3.76646411e-07 7.21452261e-07 3.57609088e-08 8.36692496e-06 1.52927887e-06 7.40627635e-05 7.2228247e-07 8.95778726e-09 3.76646411e-07
"ATLAS (C/2025 N1)" 2460871.5 "A.D. 2025-Jul-15 00:00:00.0000" 12.3 0.08088672453557141 4.5 -4.039002469533465 0.2684613938709617 -0.01385781679498424 0.03275633930257572 -0.001484619026879932 7.37838188e-06 7.36169154e-05 6.39522027e-06 7.3073836e-07 3.58623996e-07 2.24295487e-08 6.51355491e-05 3.56518666e-05 1.04606472e-06 6.14472269e-07 5.33139256e-07 3.57654888e-08 7.37167137e-05 8.91860232e-06 1.04606472e-06 3.73671388e-07 7.22622536e-07 3.57654888e-08 8.85048767e-06 1.51808655e-06 7.37167137e-05 7.23452161e-07 8.91460672e-09 3.73671388e-07
"ATLAS (C/2025 N1)" 2460872.5 "A.D. 2025-Jul-16 00:00:00.0000" 12.3 0.06702873583029414 4.5 -4.006237079341603 0.2669761725326509 -0.01385815155818202 0.03277449082103295 -0.001485827483519743 8.10837272e-06 7.32597216e-05 6.37432308e-06 7.30685184e-07 3.57963907e-07 2.23950773e-08 6.45285666e-05 3.61719026e-05 1.01097497e-06 6.13739804e-07 5.33464614e-07 3.57700216e-08 7.33757376e-05 9.39912691e-06 1.01097497e-06 3.70641436e-07 7.23799674e-07 3.57700216e-08 9.33251465e-06 1.50659465e-06 7.33757376e-05 7.24628711e-07 8.87092499e-09 3.70641436e-07
"ATLAS (C/2025 N1)" 2460873.5 "A.D. 2025-Jul-17 00:00:00.0000" 12.3 0.05317044001017025 4.5 -3.973453387246273 0.2654897311326979 -0.01385843054379373 0.03279294428159674 -0.001487059254532901 8.83842887e-06 7.29032076e-05 6.35347395e-06 7.30630751e-07 3.57290338e-07 2.23597763e-08 6.3922596e-05 3.66921164e-05 9.75929846e-07 6.12991825e-07 5.33796634e-07 3.57745027e-08 7.30399497e-05 9.87802805e-06 9.75929846e-07 3.67555086e-07 7.24983506e-07 3.57745027e-08 9.81292349e-06 1.49479427e-06 7.30399497e-05 7.2581195e-07 8.82679361e-09 3.67555086e-07
"ATLAS (C/2025 N1)" 2460874.5 "A.D. 2025-Jul-18 00:00:00.0000" 12.3 0.03931189431929902 4.5 -3.940651087755149 0.2640020460400794 -0.01385865079467841 0.03281170681888531 -0.001488314976792135 9.56852182e-06 7.25473871e-05 6.33267389e-06 7.30575045e-07 3.56602841e-07 2.23236141e-08 6.33176634e-05 3.72125099e-05 9.40934888e-07 6.12227826e-07 5.34135548e-07 3.57789276e-08 7.2709468e-05 1.03552233e-05 9.40934888e-07 3.64410814e-07 7.26173845e-07 3.57789276e-08 1.02916316e-05 1.48267626e-06 7.2709468e-05 7.2700169e-07 8.78227167e-09 3.64410814e-07
"ATLAS (C/2025 N1)" 2460875.5 "A.D. 2025-Jul-19 00:00:00.0000" 12.3 0.02545315903254863 4.5 -3.907829868137649 0.2625130929760402 -0.01385880920514014 0.03283078577590026 -0.001489595309029714 1.02986307e-05 7.21922747e-05 6.31192396e-06 7.30518053e-07 3.55900949e-07 2.22865581e-08 6.27137956e-05 3.77330851e-05 9.05996489e-07 6.11447282e-07 5.34481599e-07 3.57832914e-08 7.23844137e-05 1.08306293e-05 9.05996489e-07 3.61207048e-07 7.27370488e-07 3.57832914e-08 1.07685552e-05 1.47023124e-06 7.23844137e-05 7.28197726e-07 8.73742659e-09 3.61207048e-07
"ATLAS (C/2025 N1)" 2460876.5 "A.D. 2025-Jul-20 00:00:00.0000" 12.3 0.01159429760808376 4.5 -3.874989408213199 0.2610228469918006 -0.01385890251290653 0.03285018871076738 -0.001490900932713962 1.10287399e-05 7.18378851e-05 6.29122525e-06 7.30459764e-07 3.55184173e-07 2.22485735e-08 6.21110208e-05 3.82538442e-05 8.71122051e-07 6.10649644e-07 5.34835043e-07 3.57875889e-08 7.20649114e-05 1.13041608e-05 8.71122051e-07 3.57942158e-07 7.2857321e-07 3.57875889e-08 1.12436091e-05 1.45744958e-06 7.20649114e-05 7.29399834e-07 8.69233502e-09 3.57942158e-07
"ATLAS (C/2025 N1)" 2460877.5 "A.D. 2025-Jul-21 00:00:00.0000" 12.3 -0.002264623151852573 4.5 -3.842129380132646 0.2595312824453639 -0.0138589272906375 0.03286992340368225 -0.001492232552964252 1.17588374e-05 7.14842338e-05 6.27057889e-06 7.30400169e-07 3.54452003e-07 2.22096243e-08 6.1509368e-05 3.87747897e-05 8.36320191e-07 6.0983434e-07 5.3519615e-07 3.57918147e-08 7.17510895e-05 1.17757304e-05 8.36320191e-07 3.54614461e-07 7.29781766e-07 3.57918147e-08 1.17167058e-05 1.44432136e-06 7.17510895e-05 7.30607766e-07 8.64708375e-09 3.54614461e-07
"ATLAS (C/2025 N1)" 2460878.5 "A.D. 2025-Jul-22 00:00:00.0000" 12.3 -0.01612353293141901 4.5 -3.809249448152641 0.2580383729773928 -0.01385887993693474 0.03288999786406258 -0.001493590899506254 1.24889134e-05 7.11313367e-05 6.24998605e-06 7.3033926e-07 3.53703904e-07 2.21696722e-08 6.09088673e-05 3.92959242e-05 8.01600996e-07 6.09000774e-07 5.35565204e-07 3.57959629e-08 7.14430799e-05 1.22452482e-05 8.01600996e-07 3.51222213e-07 7.30995888e-07 3.57959629e-08 1.21877551e-05 1.43083646e-06 7.14430799e-05 7.31821254e-07 8.60177073e-09 3.51222213e-07
"ATLAS (C/2025 N1)" 2460879.5 "A.D. 2025-Jul-23 00:00:00.0000" 12.3 -0.0299823577224027 4.5 -3.776349268402744 0.2565440914861067 -0.01385875666682082 0.0329104203379092 -0.001494976727669106 1.32189603e-05 7.07792102e-05 6.22944795e-06 7.30277035e-07 3.5293932e-07 2.21286774e-08 6.03095501e-05 3.98172506e-05 7.66976347e-07 6.08148324e-07 5.359425e-07 3.58000275e-08 7.11410187e-05 1.27126212e-05 7.66976347e-07 3.47763609e-07 7.32215282e-07 3.58000275e-08 1.26566641e-05 1.41698445e-06 7.11410187e-05 7.33040004e-07 8.5565062e-09 3.47763609e-07
"ATLAS (C/2025 N1)" 2460880.5 "A.D. 2025-Jul-24 00:00:00.0000" 12.3 -0.04384101963564614 4.5 -3.743428488645081 0.2550484101011642 -0.01385855350165428 0.03293119931537661 -0.001496390819426412 1.39489717e-05 7.04278714e-05 6.20896584e-06 7.30213492e-07 3.52157666e-07 2.20865978e-08 5.97114489e-05 4.03387719e-05 7.32460328e-07 6.0727634e-07 5.36328355e-07 3.58040019e-08 7.08450455e-05 1.31777531e-05 7.32460328e-07 3.44236783e-07 7.33439632e-07 3.58040019e-08 1.31233362e-05 1.40275468e-06 7.08450455e-05 7.34263697e-07 8.51141384e-09 3.44236783e-07
"ATLAS (C/2025 N1)" 2460881.5 "A.D. 2025-Jul-25 00:00:00.0000" 12.3 -0.05769943670209259 4.5 -3.710486748026309 0.2535513001564749 -0.01385826625844544 0.03295234353855322 -0.001497833984482924 1.46789421e-05 7.0077338e-05 6.18854104e-06 7.30148636e-07 3.51358331e-07 2.20433891e-08 5.91145973e-05 4.08604916e-05 6.98069752e-07 6.06384145e-07 5.36723096e-07 3.58078795e-08 7.05553042e-05 1.36405437e-05 6.98069752e-07 3.40639801e-07 7.34668592e-07 3.58078795e-08 1.35876713e-05 1.38813624e-06 7.05553042e-05 7.35491985e-07 8.46663211e-09 3.40639801e-07
"ATLAS (C/2025 N1)" 2460882.5 "A.D. 2025-Jul-26 00:00:00.0000" 12.3 -0.07155752266283183 4.5 -3.677523676821713 0.2520527321619089 -0.01385789053853492 0.03297386200945082 -0.001499307061408879 1.5408867e-05 6.97276283e-05 6.1681749e-06 7.30082473e-07 3.50540676e-07 2.1999005e-08 5.85190305e-05 4.13824131e-05 6.63824834e-07 6.05471032e-07 5.37127074e-07 3.58116529e-08 7.0271943e-05 1.4100889e-05 6.63824834e-07 3.3697066e-07 7.35901786e-07 3.58116529e-08 1.40495652e-05 1.37311793e-06 7.0271943e-05 7.36724493e-07 8.42231556e-09 3.3697066e-07
