estimation/data/Eros-Ephemeris-Uncertainty.ecsv
# %ECSV 1.0
# ---
# datatype:
# - {name: targetname, unit: '---', datatype: string}
# - {name: datetime_jd, unit: d, datatype: float64}
# - {name: datetime_str, unit: '---', datatype: string}
# - {name: H, unit: mag, datatype: float64}
# - {name: G, unit: '---', datatype: float64}
# - {name: x, unit: AU, datatype: float64}
# - {name: y, unit: AU, datatype: float64}
# - {name: z, unit: AU, datatype: float64}
# - {name: vx, unit: AU / d, datatype: float64}
# - {name: vy, unit: AU / d, datatype: float64}
# - {name: vz, unit: AU / d, datatype: float64}
# - {name: x_s, unit: AU, datatype: float64}
# - {name: y_s, unit: AU, datatype: float64}
# - {name: z_s, unit: AU, datatype: float64}
# - {name: vx_s, unit: AU / d, datatype: float64}
# - {name: vy_s, unit: AU / d, datatype: float64}
# - {name: vz_s, unit: AU / d, datatype: float64}
# - {name: r_s, unit: AU, datatype: float64}
# - {name: t_s, unit: AU, datatype: float64}
# - {name: n_s, unit: AU, datatype: float64}
# - {name: vr_s, unit: AU / d, datatype: float64}
# - {name: vt_s, unit: AU / d, datatype: float64}
# - {name: vn_s, unit: AU / d, datatype: float64}
# schema: astropy-2.0
targetname datetime_jd datetime_str H G x y z vx vy vz x_s y_s z_s vx_s vy_s vz_s r_s t_s n_s vr_s vt_s vn_s
[from data line 43]
"433 Eros (A898 PA)" 2458436.91 "A.D. 2018-Nov-14 09:50:24.0000" 10.4 0.46 0.672737468276074 1.055160538273764 0.2200471157626467 -0.01486548307064758 0.006248185441224343 -0.001674801306379938 1.48146531e-08 1.75387391e-08 2.56263634e-08 1.23987014e-10 2.03709816e-10 1.94406215e-10 1.13469415e-08 1.90811302e-08 2.62859127e-08 1.93427871e-10 1.41009859e-10 1.9330319e-10
"433 Eros (A898 PA)" 2458469.78 "A.D. 2018-Dec-17 06:43:12.0000" 10.4 0.46 0.1424517652125077 1.167238666740636 0.1483527909865258 -0.01700693626191583 0.0002644608836733722 -0.002658474555304736 1.5614685e-08 1.43823374e-08 2.1054985e-08 1.70123453e-10 2.024581e-10 2.70639684e-10 1.38400358e-08 1.49157783e-08 2.19078839e-08 2.08889271e-10 1.67061543e-10 2.67643089e-10
"433 Eros (A898 PA)" 2458502.65 "A.D. 2019-Jan-19 03:36:00.0000" 10.4 0.46 -0.4116613950901323 1.059710923095866 0.04920933504593001 -0.01611145933255051 -0.006839398299057332 -0.003283106850666345 1.52238317e-08 1.83419671e-08 1.48517262e-08 1.50337187e-10 2.67239094e-10 3.44395471e-10 1.43196645e-08 1.83815611e-08 1.56790305e-08 2.54018174e-10 1.78497383e-10 3.4093943e-10
"433 Eros (A898 PA)" 2458535.52 "A.D. 2019-Feb-21 00:28:48.0000" 10.4 0.46 -0.8779557371514279 0.7292292969846101 -0.06009911721922174 -0.01175476620838141 -0.01289061866365524 -0.003247098220871278 1.19342137e-08 2.74282541e-08 1.21601708e-08 1.95235865e-10 2.98722545e-10 3.6488552e-10 1.20513921e-08 2.73670312e-08 1.21825238e-08 3.1096222e-10 1.66824311e-10 3.68735396e-10
"433 Eros (A898 PA)" 2458568.39 "A.D. 2019-Mar-25 21:21:36.0000" 10.4 0.46 -1.162474814444157 0.2456874961608058 -0.1571855679026277 -0.005417355897060916 -0.01596462212483139 -0.00257709652361063 7.07905096e-09 3.53612936e-08 1.680368e-08 3.29079567e-10 1.90131476e-10 3.25059306e-10 8.43936421e-09 3.52904801e-08 1.63173789e-08 3.41104332e-10 1.38969587e-10 3.38293039e-10
"433 Eros (A898 PA)" 2458601.26 "A.D. 2019-Apr-27 18:14:24.0000" 10.4 0.46 -1.236123797593107 -0.2855712448200704 -0.22609630482213 0.0007741565299788157 -0.01591140408676824 -0.00159303874132804 1.36622592e-08 3.79945991e-08 2.30519846e-08 3.57422218e-10 7.69551389e-11 2.56514113e-10 6.75806453e-09 3.98583914e-08 2.29625365e-08 3.35689775e-10 1.12251339e-10 2.72367835e-10
"433 Eros (A898 PA)" 2458634.13 "A.D. 2019-May-30 15:07:12.0000" 10.4 0.46 -1.12670619270844 -0.7775408979548722 -0.2618450255672568 0.005619781059427916 -0.01377476884823996 -0.0005970315428387722 2.39396243e-08 3.52212208e-08 2.76547819e-08 2.92627754e-10 1.56313791e-10 1.92033165e-10 8.35163929e-09 4.13951369e-08 2.81978675e-08 3.09948944e-10 9.90590313e-11 2.02634401e-10
"433 Eros (A898 PA)" 2458667.0 "A.D. 2019-Jul-02 12:00:00.0000" 10.4 0.46 -0.8839543831706753 -1.180102016754335 -0.2668863244581468 0.00890151909874122 -0.01061741200752986 0.0002619218983381154 3.17854409e-08 2.91147849e-08 3.00472029e-08 2.00887509e-10 2.17732707e-10 1.5328314e-10 1.07423635e-08 4.09353786e-08 3.11402594e-08 2.78786655e-10 9.90192176e-11 1.54052718e-10
"433 Eros (A898 PA)" 2458699.87 "A.D. 2019-Aug-04 08:52:48.0000" 10.4 0.46 -0.5564149732623908 -1.471835644502455 -0.2465813380326999 0.01082526649879789 -0.007112103393723613 0.0009438302387075154 3.63203754e-08 2.19674596e-08 3.04344349e-08 1.30244971e-10 2.33549656e-10 1.47623245e-10 1.26379318e-08 3.94066253e-08 3.18652529e-08 2.49845173e-10 1.04712806e-10 1.41118514e-10
"433 Eros (A898 PA)" 2458732.74 "A.D. 2019-Sep-06 05:45:36.0000" 10.4 0.46 -0.1841241974688634 -1.647746754120998 -0.2067171952715415 0.01166797949819286 -0.003609587121012338 0.001454631665784164 3.78586509e-08 1.59113024e-08 2.92435636e-08 1.084866e-10 2.22064036e-10 1.63481349e-10 1.38334276e-08 3.748008e-08 3.07491934e-08 2.25828449e-10 1.10559284e-10 1.5679951e-10
"433 Eros (A898 PA)" 2458765.61 "A.D. 2019-Oct-09 02:38:24.0000" 10.4 0.46 0.2013158820213415 -1.711026610740758 -0.1526313289827537 0.01165751502146395 -0.0002774258345863055 0.001812255834651183 3.70031439e-08 1.33260618e-08 2.69802395e-08 1.2404652e-10 1.98814001e-10 1.85412887e-10 1.43774224e-08 3.56122481e-08 2.82808666e-08 2.07213686e-10 1.14207493e-10 1.82514716e-10
"433 Eros (A898 PA)" 2458798.48 "A.D. 2019-Nov-10 23:31:12.0000" 10.4 0.46 0.5746627687534207 -1.668736210604629 -0.08907357017719449 0.01095345322322292 0.002804670351552774 0.002033322717090442 3.43327183e-08 1.51585082e-08 2.42195804e-08 1.46359354e-10 1.73318614e-10 2.05251336e-10 1.43529694e-08 3.40898955e-08 2.50394745e-08 1.93685522e-10 1.1498043e-10 2.07011914e-10
"433 Eros (A898 PA)" 2458831.35 "A.D. 2019-Dec-13 20:24:00.0000" 10.4 0.46 0.9149205214736711 -1.529884614447122 -0.02033308408754734 0.009656907452223258 0.005591441736862686 0.002128912563053257 3.03128668e-08 1.92154232e-08 2.16431427e-08 1.64566298e-10 1.49804038e-10 2.19794846e-10 1.38304447e-08 3.30455121e-08 2.17541018e-08 1.84728116e-10 1.12866415e-10 2.25764891e-10
"433 Eros (A898 PA)" 2458864.22 "A.D. 2020-Jan-15 17:16:48.0000" 10.4 0.46 1.203646078429315 -1.304832866636302 0.04955813881426791 0.007824298123681437 0.008041990177028323 0.002103526617591978 2.53023578e-08 2.3515589e-08 2.00208582e-08 1.78289489e-10 1.28398137e-10 2.27759492e-10 1.28641164e-08 3.24588148e-08 1.93640608e-08 1.79821018e-10 1.08162012e-10 2.36881807e-10
"433 Eros (A898 PA)" 2458897.09 "A.D. 2020-Feb-17 14:09:36.0000" 10.4 0.46 1.423689480712812 -1.005498120587409 0.1166045758885358 0.005479872679118631 0.01009950138476837 0.001954864295078521 1.96182426e-08 2.71592595e-08 1.9952542e-08 1.8895544e-10 1.07284811e-10 2.2844644e-10 1.15062555e-08 3.21660425e-08 1.88030994e-08 1.78468187e-10 1.01490764e-10 2.39271176e-10
"433 Eros (A898 PA)" 2458929.96 "A.D. 2020-Mar-21 11:02:24.0000" 10.4 0.46 1.558335222765848 -0.6461776172942659 0.1766223576950206 0.002628058898741402 0.01167269530580897 0.001673771262239513 1.36987722e-08 2.96372556e-08 2.14266679e-08 1.96374478e-10 8.7335236e-11 2.21314392e-10 9.84553224e-09 3.18835826e-08 2.02886184e-08 1.801386e-10 9.41317968e-11 2.32076989e-10
"433 Eros (A898 PA)" 2458962.83 "A.D. 2020-Apr-23 07:55:12.0000" 10.4 0.46 1.590910532568027 -0.2450349516374137 0.2250174846597052 -0.0007291692678466337 0.01261330745197102 0.00124458479310784 8.65616258e-09 3.0516062e-08 2.37806861e-08 1.97009532e-10 8.1510534e-11 2.06154976e-10 8.11247491e-09 3.12351554e-08 2.30267895e-08 1.84139042e-10 8.86951232e-11 2.14901339e-10
"433 Eros (A898 PA)" 2458995.7 "A.D. 2020-May-26 04:48:00.0000" 10.4 0.46 1.50519216038486 0.1735680952121496 0.2565991366494993 -0.004558529309160396 0.01268723326666585 0.000647335320896505 7.58868931e-09 2.93918429e-08 2.60989461e-08 1.83865965e-10 1.09460393e-10 1.84445029e-10 6.93639248e-09 2.9774174e-08 2.58458631e-08 1.89440491e-10 8.96425043e-11 1.89432736e-10
"433 Eros (A898 PA)" 2459028.57 "A.D. 2020-Jun-28 01:40:48.0000" 10.4 0.46 1.287466045753167 0.5757548070709226 0.2655475019445169 -0.008723891884203406 0.01154612125955661 -0.0001340076865015751 1.08779402e-08 2.60343379e-08 2.74646994e-08 1.51381143e-10 1.59863101e-10 1.64232389e-10 7.4053175e-09 2.7027866e-08 2.76601117e-08 1.9466009e-10 1.01557078e-10 1.65040444e-10
"433 Eros (A898 PA)" 2459061.44 "A.D. 2020-Jul-30 22:33:36.0000" 10.4 0.46 0.9320104308105878 0.9143435009169277 0.2458719986867421 -0.01284387270241638 0.008738684951853412 -0.001087808520063316 1.43528365e-08 2.07995687e-08 2.69981708e-08 1.19898586e-10 2.01207642e-10 1.69519502e-10 9.71406607e-09 2.27036275e-08 2.7526522e-08 1.99201926e-10 1.24749299e-10 1.68384243e-10
"433 Eros (A898 PA)" 2459094.31 "A.D. 2020-Sep-01 19:26:24.0000" 10.4 0.46 0.4525929791739415 1.127622323533133 0.1930958126809765 -0.01607773267852082 0.003886086840329056 -0.002122045527917954 1.62582462e-08 1.5572762e-08 2.39697914e-08 1.48340446e-10 2.09421789e-10 2.24410431e-10 1.26060298e-08 1.76260186e-08 2.47346693e-08 2.08145818e-10 1.53073059e-10 2.2241037e-10
"433 Eros (A898 PA)" 2459127.18 "A.D. 2020-Oct-04 16:19:12.0000" 10.4 0.46 -0.10026654440722 1.149415280689934 0.1080688468962882 -0.01706063556013619 -0.002780438034578789 -0.002996096122874627 1.66996314e-08 1.51794008e-08 1.8390247e-08 1.71684158e-10 2.34306096e-10 3.06750345e-10 1.43967442e-08 1.63734445e-08 1.92908566e-08 2.37474456e-10 1.74651621e-10 3.02610748e-10
"433 Eros (A898 PA)" 2459160.05 "A.D. 2020-Nov-06 13:12:00.0000" 10.4 0.46 -0.6306600835788045 0.9412735178594086 0.001803705310431512 -0.01460642099123424 -0.009735812340597335 -0.003358055819664874 1.51743851e-08 2.23367298e-08 1.27986446e-08 1.50015633e-10 3.04780529e-10 3.61705942e-10 1.36572021e-08 2.29751514e-08 1.33648798e-08 2.91799687e-10 1.76463787e-10 3.6047264e-10
"433 Eros (A898 PA)" 2459192.92 "A.D. 2020-Dec-09 10:04:48.0000" 10.4 0.46 -1.026564303423199 0.5322896705101474 -0.1048580800723889 -0.009120074754407513 -0.01464504566423914 -0.003020214362912393 9.92669402e-09 3.1851938e-08 1.35905549e-08 2.69324795e-10 2.69359306e-10 3.53593309e-10 1.04967846e-08 3.18350493e-08 1.31960425e-08 3.38651063e-10 1.55976221e-10 3.62084777e-10
"433 Eros (A898 PA)" 2459225.79 "A.D. 2021-Jan-11 06:57:36.0000" 10.4 0.46 -1.21920085827125 0.01512479891455744 -0.1910572061158789 -0.002616153026114015 -0.016280260301261 -0.002168595340063044 8.52912334e-09 3.77827282e-08 1.96376242e-08 3.64328102e-10 1.24303259e-10 2.96648664e-10 7.30930997e-09 3.82448427e-08 1.92307768e-08 3.50327016e-10 1.26368048e-10 3.12231956e-10
"433 Eros (A898 PA)" 2459258.66 "A.D. 2021-Feb-13 03:50:24.0000" 10.4 0.46 -1.20796623665544 -0.5077318093121497 -0.245649254312538 0.003071773265486816 -0.01517318083120892 -0.00115029873137058 1.83241018e-08 3.78312095e-08 2.53295312e-08 3.42026135e-10 1.05499197e-10 2.26493529e-10 7.25244707e-09 4.13017031e-08 2.54976393e-08 3.32265649e-10 1.04596156e-10 2.40978131e-10
"433 Eros (A898 PA)" 2459291.53 "A.D. 2021-Mar-18 00:43:12.0000" 10.4 0.46 -1.034294030698893 -0.9651387699566202 -0.2675129561973726 0.007229697666040487 -0.01248245801224729 -0.0002030783602804332 2.79272848e-08 3.32102709e-08 2.89661899e-08 2.55980246e-10 1.93116844e-10 1.7121834e-10 9.47739408e-09 4.17853968e-08 2.97666777e-08 3.01630157e-10 9.77607126e-11 1.77757739e-10
"433 Eros (A898 PA)" 2459324.4 "A.D. 2021-Apr-19 21:36:00.0000" 10.4 0.46 -0.7491950440604352 -1.321031096938872 -0.2608220051683449 0.009887339513412868 -0.009111990219902801 0.0005803188093231334 3.44166587e-08 2.62658178e-08 3.04366549e-08 1.67025257e-10 2.33038705e-10 1.47166743e-10 1.17021822e-08 4.07208834e-08 3.17121133e-08 2.70070322e-10 1.01120946e-10 1.43871819e-10
"433 Eros (A898 PA)" 2459357.27 "A.D. 2021-May-22 18:28:48.0000" 10.4 0.46 -0.3978376310107996 -1.562454649070993 -0.2313184126632238 0.01130875337802788 -0.005577276501482353 0.001186037452352398 3.76199523e-08 1.92007241e-08 3.00751347e-08 1.14487395e-10 2.34596605e-10 1.53015818e-10 1.32802688e-08 3.89184205e-08 3.15821682e-08 2.425765e-10 1.07361357e-10 1.45557383e-10
"433 Eros (A898 PA)" 2459390.14 "A.D. 2021-Jun-24 15:21:36.0000" 10.4 0.46 -0.01640018819718404 -1.688733892671972 -0.1846475446462264 0.01175648797177008 -0.002134332049211676 0.001627962512315503 3.80488142e-08 1.42516458e-08 2.83496593e-08 1.12780704e-10 2.16185682e-10 1.72993686e-10 1.41697464e-08 3.69450138e-08 2.98129016e-08 2.20552769e-10 1.1243308e-10 1.67624074e-10
"433 Eros (A898 PA)" 2459423.01 "A.D. 2021-Jul-27 12:14:24.0000" 10.4 0.46 0.3665609524131183 -1.705111470516629 -0.1258884166325584 0.01142868323453566 0.001096400418184026 0.001924416503623825 3.63239242e-08 1.366136e-08 2.579311e-08 1.34349825e-10 1.90765908e-10 1.94610968e-10 1.44465553e-08 3.51772749e-08 2.69295584e-08 2.03968856e-10 1.14883275e-10 1.93683956e-10
"433 Eros (A898 PA)" 2459455.88 "A.D. 2021-Aug-29 09:07:12.0000" 10.4 0.46 0.7278950776106219 -1.619642913267904 -0.05956909230231221 0.01045783633167402 0.00405514981376665 0.002089898251173752 3.29835962e-08 1.68374477e-08 2.30226057e-08 1.55841304e-10 1.65437611e-10 2.12357531e-10 1.41909268e-08 3.38334215e-08 2.35663917e-08 1.92348917e-10 1.14399011e-10 2.16024527e-10
"433 Eros (A898 PA)" 2459488.75 "A.D. 2021-Oct-01 06:00:00.0000" 10.4 0.46 1.047903339378026 -1.441946831165311 0.01015975342392337 0.008923869213604033 0.006701484819035542 0.002132695655226031 2.84459223e-08 2.12239349e-08 2.07701765e-08 1.72470304e-10 1.42491883e-10 2.24121701e-10 1.34663109e-08 3.29797455e-08 2.05431497e-08 1.85156746e-10 1.11123651e-10 2.31622523e-10
"433 Eros (A898 PA)" 2459521.62 "A.D. 2021-Nov-03 02:52:48.0000" 10.4 0.46 1.3088387950951 -1.183001944723539 0.07930958408943627 0.006867728154723277 0.008989749844765698 0.002054358480733506 2.30424532e-08 2.53686502e-08 1.97823594e-08 1.85261534e-10 1.20893748e-10 2.28968422e-10 1.23247301e-08 3.25334472e-08 1.88557855e-08 1.81897634e-10 1.05480813e-10 2.39062171e-10
"433 Eros (A898 PA)" 2459554.49 "A.D. 2021-Dec-05 23:45:36.0000" 10.4 0.46 1.493825027250292 -0.8556291002701842 0.1438307797636667 0.004303408420239649 0.01085050058574013 0.001849613411168232 1.71162378e-08 2.86034267e-08 2.04364878e-08 1.95262808e-10 9.92090325e-11 2.2628599e-10 1.08295436e-08 3.22785795e-08 1.9224618e-08 1.82100324e-10 9.8320274e-11 2.37377214e-10
"433 Eros (A898 PA)" 2459587.36 "A.D. 2022-Jan-07 20:38:24.0000" 10.4 0.46 1.586182207324088 -0.4755872539155358 0.1993883733881912 0.001231618809716183 0.01217076266455657 0.001506407808679245 1.12974514e-08 3.04704663e-08 2.24020021e-08 2.01053675e-10 8.21656797e-11 2.15618392e-10 9.11520962e-09 3.18932762e-08 2.13930669e-08 1.85235479e-10 9.13957892e-11 2.25831125e-10
"433 Eros (A898 PA)" 2459620.23 "A.D. 2022-Feb-09 17:31:12.0000" 10.4 0.46 1.569324474738696 -0.06339805462957283 0.2411492613829889 -0.002337484897887957 0.01276898525342593 0.001006787890964651 7.54071183e-09 3.05424533e-08 2.48553359e-08 1.97618007e-10 8.94040845e-11 1.97214322e-10 7.54769676e-09 3.09761522e-08 2.43105281e-08 1.90577529e-10 8.81047825e-11 2.04590343e-10
"433 Eros (A898 PA)" 2459653.1 "A.D. 2022-Mar-14 14:24:00.0000" 10.4 0.46 1.427738803654847 0.3529070233823396 0.2636409605912195 -0.006337812907875259 0.01236464574013351 0.0003309890847827625 9.05628513e-09 2.84541164e-08 2.68681902e-08 1.77649672e-10 1.30750839e-10 1.74487169e-10 6.99452918e-09 2.90749804e-08 2.68192983e-08 1.97080103e-10 9.33614873e-11 1.77606379e-10
"433 Eros (A898 PA)" 2459685.97 "A.D. 2022-Apr-16 11:16:48.0000" 10.4 0.46 1.150243182756841 0.734129549790753 0.2608728649918451 -0.0105494338452982 0.01055881200731789 -0.0005292007661593281 1.3086204e-08 2.41392541e-08 2.75403195e-08 1.41654654e-10 1.82840864e-10 1.6148082e-10 8.34161672e-09 2.57800763e-08 2.78967134e-08 2.03677481e-10 1.10412802e-10 1.60926612e-10
"433 Eros (A898 PA)" 2459718.84 "A.D. 2022-May-19 08:09:36.0000" 10.4 0.46 0.7377537763070403 1.02660957258697 0.2272082163830296 -0.01441954882633139 0.006894498779018971 -0.001535666839925032 1.6249358e-08 1.84231437e-08 2.60303535e-08 1.30152126e-10 2.14256453e-10 1.87500203e-10 1.10611386e-08 2.11444488e-08 2.66757691e-08 2.1152646e-10 1.36834193e-10 1.85835114e-10
"433 Eros (A898 PA)" 2459751.71 "A.D. 2022-Jun-21 05:02:24.0000" 10.4 0.46 0.2177557871628422 1.164429218205625 0.1598880397948136 -0.01686274024702533 0.001167477594726637 -0.002538889274352971 1.77146797e-08 1.44318275e-08 2.18152726e-08 1.67430931e-10 2.23417634e-10 2.59859515e-10 1.36455469e-08 1.72706804e-08 2.26608978e-08 2.29788958e-10 1.63859323e-10 2.56559312e-10
"433 Eros (A898 PA)" 2459784.58 "A.D. 2022-Jul-24 01:55:12.0000" 10.4 0.46 -0.3391582944555317 1.088229109769161 0.0636719762301394 -0.01644216950750519 -0.005887962844468203 -0.003232701312770001 1.75064268e-08 1.77039056e-08 1.56802031e-08 1.59325971e-10 2.78947067e-10 3.3699792e-10 1.44300786e-08 1.96102344e-08 1.65222142e-08 2.72347649e-10 1.781603e-10 3.32940678e-10
