estimation/data/Eros-Ephemeris-Uncertainty.ecsv
# %ECSV 1.0
# ---
# datatype:
# - {name: targetname, unit: '---', datatype: string}
# - {name: datetime_jd, unit: d, datatype: float64}
# - {name: datetime_str, unit: '---', datatype: string}
# - {name: H, unit: mag, datatype: float64}
# - {name: G, unit: '---', datatype: float64}
# - {name: x, unit: AU, datatype: float64}
# - {name: y, unit: AU, datatype: float64}
# - {name: z, unit: AU, datatype: float64}
# - {name: vx, unit: AU / d, datatype: float64}
# - {name: vy, unit: AU / d, datatype: float64}
# - {name: vz, unit: AU / d, datatype: float64}
# - {name: x_s, unit: AU, datatype: float64}
# - {name: y_s, unit: AU, datatype: float64}
# - {name: z_s, unit: AU, datatype: float64}
# - {name: vx_s, unit: AU / d, datatype: float64}
# - {name: vy_s, unit: AU / d, datatype: float64}
# - {name: vz_s, unit: AU / d, datatype: float64}
# - {name: r_s, unit: AU, datatype: float64}
# - {name: t_s, unit: AU, datatype: float64}
# - {name: n_s, unit: AU, datatype: float64}
# - {name: vr_s, unit: AU / d, datatype: float64}
# - {name: vt_s, unit: AU / d, datatype: float64}
# - {name: vn_s, unit: AU / d, datatype: float64}
# schema: astropy-2.0
targetname datetime_jd datetime_str H G x y z vx vy vz x_s y_s z_s vx_s vy_s vz_s r_s t_s n_s vr_s vt_s vn_s
"433 Eros (A898 PA)" 2457023.5 "A.D. 2015-Jan-01 00:00:00.0000" 10.4 0.46 1.592177264935144 -0.3732143363266919 0.2112264176231 0.0003736083164587587 0.01240403771566729 0.001397263395452222 9.9713876e-09 3.03997676e-08 2.29821064e-08 1.90838502e-10 8.09497498e-11 2.12224813e-10 8.65048082e-09 3.144452e-08 2.2094411e-08 1.75856641e-10 8.97619285e-11 2.2142449e-10
"433 Eros (A898 PA)" 2457056.37 "A.D. 2015-Feb-02 20:52:48.0000" 10.4 0.46 1.545045712422964 0.04319390197459506 0.2487070395487869 -0.003318740656959445 0.01277977278702729 0.0008545574875368071 7.16704317e-09 2.99674057e-08 2.54103177e-08 1.81688572e-10 9.701615e-11 1.92312017e-10 7.11076338e-09 3.03138241e-08 2.50121024e-08 1.79916152e-10 8.83214294e-11 1.98081513e-10
"433 Eros (A898 PA)" 2457089.24 "A.D. 2015-Mar-07 17:45:36.0000" 10.4 0.46 1.369597605309891 0.4549794760039999 0.2654200043124704 -0.007407179884630556 0.01206076562969842 0.0001311749729613852 9.13568767e-09 2.73405559e-08 2.71817149e-08 1.51590341e-10 1.42716707e-10 1.69930844e-10 6.81211016e-09 2.79439075e-08 2.724969e-08 1.83017445e-10 9.6660261e-11 1.71422258e-10
"433 Eros (A898 PA)" 2457122.11 "A.D. 2015-Apr-09 14:38:24.0000" 10.4 0.46 1.056741733731826 0.819418713344506 0.2553200295651666 -0.01160648421770057 0.009820555182670145 -0.0007738335160222769 1.23241531e-08 2.26447297e-08 2.73995965e-08 1.06778499e-10 1.88166852e-10 1.63125913e-10 8.54839141e-09 2.38429818e-08 2.78180453e-08 1.82899348e-10 1.16753696e-10 1.62280247e-10
"433 Eros (A898 PA)" 2457154.98 "A.D. 2015-May-12 11:31:12.0000" 10.4 0.46 0.6125549000437657 1.078995856762688 0.2131618449263291 -0.01524082940574026 0.005621476703404932 -0.001800940012058611 1.39817385e-08 1.71462652e-08 2.52477442e-08 1.19205713e-10 1.97394069e-10 2.01416786e-10 1.14546356e-08 1.80144058e-08 2.5907615e-08 1.80552071e-10 1.44439611e-10 2.00701994e-10
"433 Eros (A898 PA)" 2457187.85 "A.D. 2015-Jun-14 08:24:00.0000" 10.4 0.46 0.07432103385094715 1.166656138001539 0.1376005126716461 -0.01708386863036331 -0.0005751039991534322 -0.002760585555112975 1.40066615e-08 1.4390717e-08 2.03676996e-08 1.71373215e-10 1.84983785e-10 2.8027441e-10 1.38714353e-08 1.32614311e-08 2.1209437e-08 1.9066269e-10 1.69474558e-10 2.77610587e-10
"433 Eros (A898 PA)" 2457220.72 "A.D. 2015-Jul-17 05:16:48.0000" 10.4 0.46 -0.475321563992443 1.030676034687581 0.03611000019391689 -0.01575355622791271 -0.007682278943449351 -0.003317181669128309 1.32086405e-08 1.85046409e-08 1.41611867e-08 1.44603886e-10 2.52553173e-10 3.502251e-10 1.41516169e-08 1.71262128e-08 1.49617412e-08 2.34259461e-10 1.78308532e-10 3.47389669e-10
"433 Eros (A898 PA)" 2457253.59 "A.D. 2015-Aug-19 02:09:36.0000" 10.4 0.46 -0.9234687791572701 0.6765455029446149 -0.07288235377223984 -0.01104410726721212 -0.01344562993595034 -0.00319501708820115 9.98153334e-09 2.71347121e-08 1.23085458e-08 1.92581422e-10 2.78958858e-10 3.6316677e-10 1.17113461e-08 2.64366885e-08 1.23032427e-08 2.90736758e-10 1.63936355e-10 3.67957552e-10
"433 Eros (A898 PA)" 2457286.46 "A.D. 2015-Sep-20 23:02:24.0000" 10.4 0.46 -1.182439815537292 0.1815031254889662 -0.1671933513541425 -0.004619622968319724 -0.01611072508715617 -0.002467688349754518 6.98678148e-09 3.4308392e-08 1.75061785e-08 3.17898237e-10 1.69028438e-10 3.17889749e-10 8.14188982e-09 3.42517714e-08 1.71135312e-08 3.20076372e-10 1.35287661e-10 3.31560189e-10
"433 Eros (A898 PA)" 2457319.33 "A.D. 2015-Oct-23 19:55:12.0000" 10.4 0.46 -1.23152180201999 -0.3489228253699529 -0.2321665126634531 0.001448890446496617 -0.01573888678543328 -0.001468967299664603 1.48656439e-08 3.63023417e-08 2.36830099e-08 3.37044491e-10 7.63549758e-11 2.48053513e-10 6.70928916e-09 3.86365706e-08 2.37051301e-08 3.15326288e-10 1.09831137e-10 2.63564167e-10
"433 Eros (A898 PA)" 2457352.2 "A.D. 2015-Nov-25 16:48:00.0000" 10.4 0.46 -1.103034223494366 -0.8319885649239763 -0.2639811345011862 0.006103032500682577 -0.01342712089443746 -0.0004844045012749633 2.46157704e-08 3.32627069e-08 2.80506932e-08 2.71761606e-10 1.56970392e-10 1.85546016e-10 8.39941133e-09 4.00764016e-08 2.86795595e-08 2.91737642e-10 9.84997552e-11 1.95213589e-10
"433 Eros (A898 PA)" 2457385.07 "A.D. 2015-Dec-28 13:40:48.0000" 10.4 0.46 -0.8474314499017285 -1.221728956092103 -0.2656489987909397 0.009205167497543515 -0.01019783732141573 0.0003539655809469603 3.18272669e-08 2.72490448e-08 3.01987851e-08 1.85814509e-10 2.11184316e-10 1.50729828e-10 1.07416823e-08 3.96219361e-08 3.13395983e-08 2.63241145e-10 9.95054121e-11 1.5049286e-10
"433 Eros (A898 PA)" 2457417.94 "A.D. 2016-Jan-30 10:33:36.0000" 10.4 0.46 -0.5124060212979051 -1.499315198761213 -0.2426729169765838 0.01098283252140099 -0.006677363881445537 0.0010145209740234 3.58634232e-08 2.04678407e-08 3.03799268e-08 1.2398008e-10 2.23300478e-10 1.48617049e-10 1.25748333e-08 3.81782112e-08 3.18175321e-08 2.36833346e-10 1.05346502e-10 1.4189176e-10
"433 Eros (A898 PA)" 2457450.81 "A.D. 2016-Mar-03 07:26:24.0000" 10.4 0.46 -0.1369026006741922 -1.661091688408541 -0.2008105974593126 0.01171037652649337 -0.00318734891011527 0.001505908167652185 3.70701213e-08 1.50425464e-08 2.90371535e-08 1.09268157e-10 2.11076546e-10 1.6596758e-10 1.37228015e-08 3.6394099e-08 3.05087308e-08 2.14991348e-10 1.10913147e-10 1.59734374e-10
"433 Eros (A898 PA)" 2457483.68 "A.D. 2016-Apr-05 04:19:12.0000" 10.4 0.46 0.2483593123784543 -1.710887991276323 -0.1453276209330672 0.01160734191574036 0.0001192919548511103 0.001846318850830732 3.60264045e-08 1.32789488e-08 2.66846019e-08 1.2553501e-10 1.88944263e-10 1.87988021e-10 1.42341837e-08 3.47073528e-08 2.79121472e-08 1.98168498e-10 1.14150577e-10 1.85734653e-10
"433 Eros (A898 PA)" 2457516.55 "A.D. 2016-May-08 01:12:00.0000" 10.4 0.46 0.6187468107258742 -1.656072406211529 -0.0809097756725169 0.01082543731909759 0.003169200332231884 0.002051799956355736 3.3274614e-08 1.55954275e-08 2.39080324e-08 1.46108466e-10 1.65477545e-10 2.07336278e-10 1.41869218e-08 3.3384759e-08 2.46211379e-08 1.86089084e-10 1.14504903e-10 2.09710072e-10
"433 Eros (A898 PA)" 2457549.42 "A.D. 2016-Jun-09 22:04:48.0000" 10.4 0.46 0.9536393586277255 -1.50583476260323 -0.01180562072800203 0.009459430778751377 0.005918853273994732 0.002132628239489414 2.92465593e-08 1.97179129e-08 2.14025737e-08 1.62680518e-10 1.44084089e-10 2.21174399e-10 1.36462443e-08 3.25346205e-08 2.1389389e-08 1.78280485e-10 1.12016938e-10 2.27621539e-10
"433 Eros (A898 PA)" 2457582.29 "A.D. 2016-Jul-12 18:57:36.0000" 10.4 0.46 1.23478788901302 -1.270711437484757 0.05796562937039328 0.007561048557955895 0.008326146861245385 0.002092427865157401 2.42771706e-08 2.39234114e-08 1.993722e-08 1.75355014e-10 1.24270623e-10 2.28341042e-10 1.26623502e-08 3.21101426e-08 1.91782948e-08 1.74243886e-10 1.07024197e-10 2.37733232e-10
"433 Eros (A898 PA)" 2457615.16 "A.D. 2016-Aug-14 15:50:24.0000" 10.4 0.46 1.445106755973563 -0.9628722384109707 0.1243920635541328 0.005151307442822745 0.01033077980803404 0.001928007006052223 1.8676248e-08 2.74154138e-08 2.0061437e-08 1.85344738e-10 1.0410461e-10 2.2816876e-10 1.12853652e-08 3.19233436e-08 1.88787996e-08 1.73466769e-10 1.00218647e-10 2.3899148e-10
"433 Eros (A898 PA)" 2457648.03 "A.D. 2016-Sep-16 12:43:12.0000" 10.4 0.46 1.567864858434984 -0.5970242799567135 0.1832441826431722 0.002233163908141488 0.01183525630294714 0.001629327330138731 1.29074581e-08 2.97021408e-08 2.16779133e-08 1.91859593e-10 8.53849411e-11 2.2013078e-10 9.60672655e-09 3.16711385e-08 2.0576719e-08 1.75345895e-10 9.30195505e-11 2.30563293e-10
"433 Eros (A898 PA)" 2457680.9 "A.D. 2016-Oct-19 09:36:00.0000" 10.4 0.46 1.586374405518524 -0.1920000928660178 0.2298547687857918 -0.001189547668648582 0.01268166539106777 0.00117997382655909 8.19395303e-09 3.03464699e-08 2.40733673e-08 1.90478829e-10 8.3173689e-11 2.04100199e-10 7.87559361e-09 3.09600445e-08 2.33886037e-08 1.79017911e-10 8.82690722e-11 2.12174684e-10
"433 Eros (A898 PA)" 2457713.77 "A.D. 2016-Nov-21 06:28:48.0000" 10.4 0.46 1.484553823286984 0.2267888146956932 0.2589429979465256 -0.005075068300359321 0.01262235554660071 0.0005598365182006646 7.59547008e-09 2.89529557e-08 2.63249353e-08 1.7327951e-10 1.15003402e-10 1.81937638e-10 6.77985226e-09 2.93220607e-08 2.61384274e-08 1.8312482e-10 9.05807858e-11 1.8604649e-10
"433 Eros (A898 PA)" 2457746.64 "A.D. 2016-Dec-24 03:21:36.0000" 10.4 0.46 1.249310648560315 0.6239230516734059 0.2646208089916524 -0.009264900034790918 0.01129334754491848 -0.0002453128107050818 1.07322693e-08 2.53479946e-08 2.75182301e-08 1.34956077e-10 1.64957283e-10 1.63033623e-10 7.43925596e-09 2.62517407e-08 2.77571433e-08 1.85745106e-10 1.04150128e-10 1.63265173e-10
"433 Eros (A898 PA)" 2457779.51 "A.D. 2017-Jan-26 00:14:24.0000" 10.4 0.46 0.8766597072642235 0.9502726549454198 0.2409596035294941 -0.01333039810455625 0.008237898184838801 -0.001217037377652641 1.35711695e-08 2.00450272e-08 2.6777123e-08 1.05618573e-10 1.98894711e-10 1.73320515e-10 9.89669851e-09 2.14155617e-08 2.73207458e-08 1.85774418e-10 1.28429003e-10 1.72476801e-10
"433 Eros (A898 PA)" 2457812.38 "A.D. 2017-Feb-27 21:07:12.0000" 10.4 0.46 0.3841189211820197 1.142620045069082 0.1839079215953276 -0.01635840738586551 0.003118136888014291 -0.0022475330557275 1.46725401e-08 1.51985832e-08 2.3408443e-08 1.49379793e-10 1.93162585e-10 2.33592872e-10 1.27814872e-08 1.5704261e-08 2.41711676e-08 1.8937064e-10 1.56485472e-10 2.32040502e-10
"433 Eros (A898 PA)" 2457845.25 "A.D. 2017-Apr-01 18:00:00.0000" 10.4 0.46 -0.1719295398760097 1.136123216022278 0.09537805458136946 -0.01694645726702268 -0.003697827908738489 -0.003075569759968891 1.45982094e-08 1.546646e-08 1.75883265e-08 1.69162838e-10 2.16868997e-10 3.15769562e-10 1.43823508e-08 1.46052798e-08 1.84797759e-08 2.16872339e-10 1.75979471e-10 3.12019644e-10
"433 Eros (A898 PA)" 2457878.12 "A.D. 2017-May-04 14:52:48.0000" 10.4 0.46 -0.6909261424703833 0.8992126334517132 -0.01215106344446289 -0.01403952936534634 -0.0105140289389725 -0.003351578963621542 1.29850851e-08 2.26088448e-08 1.23641686e-08 1.42704581e-10 2.90251023e-10 3.64178543e-10 1.33625873e-08 2.2094211e-08 1.2881462e-08 2.7266533e-10 1.74626441e-10 3.63861909e-10
"433 Eros (A898 PA)" 2457910.99 "A.D. 2017-Jun-06 11:45:36.0000" 10.4 0.46 -1.06324571253817 0.470709598811057 -0.1171760131377048 -0.008301238308571575 -0.01503085880018102 -0.002932335465659129 8.22201188e-09 3.15202397e-08 1.41288723e-08 2.65724189e-10 2.47419581e-10 3.48530251e-10 1.00642269e-08 3.11439006e-08 1.37666558e-08 3.1949069e-10 1.52064429e-10 3.57912332e-10
"433 Eros (A898 PA)" 2457943.86 "A.D. 2017-Jul-09 08:38:24.0000" 10.4 0.46 -1.22879711039203 -0.0522398831532647 -0.1997264172537335 -0.00182561377517517 -0.01626342930489262 -0.002042372647817608 9.48806912e-09 3.66741434e-08 2.03771894e-08 3.49678764e-10 1.07401555e-10 2.87968202e-10 7.05455613e-09 3.73777478e-08 2.00844046e-08 3.3085222e-10 1.2279926e-10 3.03633278e-10
"433 Eros (A898 PA)" 2457976.73 "A.D. 2017-Aug-11 05:31:12.0000" 10.4 0.46 -1.194298507728636 -0.5698210766896699 -0.2500971064868182 0.003684907304974456 -0.01489528001311089 -0.001024331288683104 1.94465413e-08 3.61867427e-08 2.58799694e-08 3.21089676e-10 1.10886134e-10 2.18249054e-10 7.29917878e-09 4.02500612e-08 2.61548408e-08 3.13976093e-10 1.0297762e-10 2.32037901e-10
"433 Eros (A898 PA)" 2458009.6 "A.D. 2017-Sep-13 02:24:00.0000" 10.4 0.46 -1.003792558531019 -1.015738587719481 -0.2680941094718777 0.007643379771103437 -0.0120795937927365 -9.531691935701026e-05 2.8437786e-08 3.14133209e-08 2.92558715e-08 2.3703844e-10 1.91749824e-10 1.66164102e-10 9.57151776e-09 4.06450433e-08 3.01293365e-08 2.85561022e-10 9.78872421e-11 1.71577144e-10
"433 Eros (A898 PA)" 2458042.47 "A.D. 2017-Oct-15 23:16:48.0000" 10.4 0.46 -0.7080012227202267 -1.357541786538322 -0.2582296553016695 0.01013034358605778 -0.00866742199691114 0.0006655719663340599 3.43370965e-08 2.46391937e-08 3.04867429e-08 1.55024019e-10 2.25666012e-10 1.46357536e-10 1.17391237e-08 3.95838345e-08 3.17943483e-08 2.56401178e-10 1.0188729e-10 1.42321959e-10
"433 Eros (A898 PA)" 2458075.34 "A.D. 2017-Nov-17 20:09:36.0000" 10.4 0.46 -0.3509687517194094 -1.584285423645756 -0.2262813044296199 0.01141650589541997 -0.005133353992206281 0.001249903707172369 3.70958302e-08 1.80071908e-08 2.99352593e-08 1.11527054e-10 2.24522895e-10 1.54954052e-10 1.32517825e-08 3.78529806e-08 3.14328078e-08 2.31053274e-10 1.08016722e-10 1.47669715e-10
"433 Eros (A898 PA)" 2458108.21 "A.D. 2017-Dec-20 17:02:24.0000" 10.4 0.46 0.03218665044057707 -1.696275193224514 -0.1778300723573958 0.01175719931365327 -0.001710980984372465 0.001672820267131394 3.72310329e-08 1.37665822e-08 2.80799396e-08 1.14662053e-10 2.05769202e-10 1.75696558e-10 1.40854371e-08 3.59983858e-08 2.94935296e-08 2.10801917e-10 1.12686433e-10 1.70944292e-10
"433 Eros (A898 PA)" 2458141.08 "A.D. 2018-Jan-22 13:55:12.0000" 10.4 0.46 0.4136874184047105 -1.699211492934565 -0.1178792960160344 0.01134164591816077 0.001489807321352247 0.001952357160057804 3.53365011e-08 1.38793593e-08 2.54624026e-08 1.35746753e-10 1.81366181e-10 1.97071812e-10 1.43153834e-08 3.43772658e-08 2.65124926e-08 1.95627124e-10 1.1466727e-10 1.96823823e-10
"433 Eros (A898 PA)" 2458173.95 "A.D. 2018-Feb-24 10:48:00.0000" 10.4 0.46 0.7708885306966822 -1.601380177614295 -0.05090025998307181 0.0102948437255584 0.004413158554654546 0.002102245896266198 3.19191711e-08 1.72827897e-08 2.27128404e-08 1.55549865e-10 1.57603697e-10 2.14189934e-10 1.40178011e-08 3.31860673e-08 2.31427658e-08 1.85096091e-10 1.13735468e-10 2.18439223e-10
"433 Eros (A898 PA)" 2458206.82 "A.D. 2018-Mar-29 07:40:48.0000" 10.4 0.46 1.084381828713898 -1.41256756692369 0.01898540941591281 0.008691101498953283 0.007018891745760475 0.002129888294165831 2.73718544e-08 2.15977927e-08 2.05750664e-08 1.70718871e-10 1.36115461e-10 2.25174183e-10 1.3252172e-08 3.24661739e-08 2.02322494e-08 1.78697547e-10 1.10076079e-10 2.33079832e-10
"433 Eros (A898 PA)" 2458239.69 "A.D. 2018-May-01 04:33:36.0000" 10.4 0.46 1.336551818101281 -1.14395262496207 0.08778882562200273 0.006567212709450626 0.009259188724128283 0.002035934899165415 2.20125603e-08 2.5567377e-08 1.97765747e-08 1.8238277e-10 1.15517266e-10 2.29159877e-10 1.20679182e-08 3.2109492e-08 1.87803717e-08 1.75928312e-10 1.04159556e-10 2.39420088e-10
"433 Eros (A898 PA)" 2458272.56 "A.D. 2018-Jun-03 01:26:24.0000" 10.4 0.46 1.510539595359048 -0.8086681950682015 0.1514299893002972 0.003934478897328217 0.01105989348045689 0.001814179065292124 1.61899643e-08 2.85785221e-08 2.06189372e-08 1.91195104e-10 9.47430192e-11 2.2554898e-10 1.0529357e-08 3.18776471e-08 1.94148321e-08 1.76263103e-10 9.69326141e-11 2.36515405e-10
"433 Eros (A898 PA)" 2458305.43 "A.D. 2018-Jul-05 22:19:12.0000" 10.4 0.46 1.589628183969326 -0.4229886705468076 0.2055126324227335 0.0007931594734089965 0.01230024117010516 0.001451639713811484 1.05805606e-08 3.01811839e-08 2.26905435e-08 1.95027962e-10 8.03674846e-11 2.13910302e-10 8.78323963e-09 3.1429039e-08 2.1743576e-08 1.79048365e-10 9.03470738e-11 2.23677323e-10
"433 Eros (A898 PA)" 2458338.3 "A.D. 2018-Aug-07 19:12:00.0000" 10.4 0.46 1.557241059153961 -0.008271610648675381 0.2451147758157925 -0.002842765709316249 0.01278676766820877 0.0009296802339991341 7.24276481e-09 2.99536273e-08 2.51377619e-08 1.88004578e-10 9.30482255e-11 1.9465966e-10 7.24416819e-09 3.03408326e-08 2.46686117e-08 1.83324155e-10 8.80795475e-11 2.01321445e-10
"433 Eros (A898 PA)" 2458371.17 "A.D. 2018-Sep-09 16:04:48.0000" 10.4 0.46 1.398137805340067 0.4061477299881832 0.2646657871417019 -0.006893749188494239 0.01222260380981292 0.0002288642854823271 8.91189444e-09 2.75669799e-08 2.70312752e-08 1.62390641e-10 1.3681022e-10 1.71944554e-10 6.87612908e-09 2.81317568e-08 2.70439123e-08 1.87653875e-10 9.50510795e-11 1.74367434e-10
