estimation/data/Eros-Ephemeris-Uncertainty.ecsv
# %ECSV 1.0
# ---
# datatype:
# - {name: targetname, unit: '---', datatype: string}
# - {name: datetime_jd, unit: d, datatype: float64}
# - {name: datetime_str, unit: '---', datatype: string}
# - {name: H, unit: mag, datatype: float64}
# - {name: G, unit: '---', datatype: float64}
# - {name: x, unit: AU, datatype: float64}
# - {name: y, unit: AU, datatype: float64}
# - {name: z, unit: AU, datatype: float64}
# - {name: vx, unit: AU / d, datatype: float64}
# - {name: vy, unit: AU / d, datatype: float64}
# - {name: vz, unit: AU / d, datatype: float64}
# - {name: x_s, unit: AU, datatype: float64}
# - {name: y_s, unit: AU, datatype: float64}
# - {name: z_s, unit: AU, datatype: float64}
# - {name: vx_s, unit: AU / d, datatype: float64}
# - {name: vy_s, unit: AU / d, datatype: float64}
# - {name: vz_s, unit: AU / d, datatype: float64}
# - {name: r_s, unit: AU, datatype: float64}
# - {name: t_s, unit: AU, datatype: float64}
# - {name: n_s, unit: AU, datatype: float64}
# - {name: vr_s, unit: AU / d, datatype: float64}
# - {name: vt_s, unit: AU / d, datatype: float64}
# - {name: vn_s, unit: AU / d, datatype: float64}
# schema: astropy-2.0
targetname datetime_jd datetime_str H G x y z vx vy vz x_s y_s z_s vx_s vy_s vz_s r_s t_s n_s vr_s vt_s vn_s
[from data line 86]
"433 Eros (A898 PA)" 2459850.32 "A.D. 2022-Sep-27 19:40:48.0000" 10.4 0.46 -1.136175212196872 0.316214133528748 -0.1454639321344788 -0.006304891476674008 -0.01575135459885196 -0.002693596644102924 7.95853293e-09 3.56254583e-08 1.6025186e-08 3.33621001e-10 2.13010951e-10 3.32769758e-10 8.94474017e-09 3.56411395e-08 1.54602363e-08 3.5735608e-10 1.4317129e-10 3.45269407e-10
"433 Eros (A898 PA)" 2459883.19 "A.D. 2022-Oct-30 16:33:36.0000" 10.4 0.46 -1.237502063561024 -0.2146056564503145 -0.2186736748608034 6.303790927132325e-06 -0.01607164762967478 -0.001730772898148425 1.22904445e-08 3.90176236e-08 2.23118002e-08 3.73638629e-10 8.13981672e-11 2.66034927e-10 6.91827712e-09 4.04327677e-08 2.21037359e-08 3.52242478e-10 1.15345269e-10 2.82182166e-10
"433 Eros (A898 PA)" 2459916.06 "A.D. 2022-Dec-02 13:26:24.0000" 10.4 0.46 -1.149900276780824 -0.7157121340321191 -0.2588260479233319 0.005064455804667922 -0.01414495143899102 -0.0007238430832435904 2.28797194e-08 3.66951198e-08 2.71728063e-08 3.12912044e-10 1.50960646e-10 1.9962892e-10 8.21608739e-09 4.21681415e-08 2.76173591e-08 3.25439169e-10 1.000212e-10 2.1128151e-10
"433 Eros (A898 PA)" 2459948.93 "A.D. 2023-Jan-04 10:19:12.0000" 10.4 0.46 -0.9219613467488164 -1.132120446762046 -0.2676747092975098 0.00855012427798181 -0.01107425645226784 0.0001578760233533506 3.13520684e-08 3.06674598e-08 2.98410841e-08 2.17818112e-10 2.20099851e-10 1.56715148e-10 1.05773607e-08 4.18190771e-08 3.08742581e-08 2.9251055e-10 9.8541346e-11 1.58667871e-10
"433 Eros (A898 PA)" 2459981.8 "A.D. 2023-Feb-06 07:12:00.0000" 10.4 0.46 -0.603138344073375 -1.439296992019002 -0.2503906727100731 0.01063961776974212 -0.00758704894863241 0.0008638458916599997 3.6447501e-08 2.32921794e-08 3.04633497e-08 1.39263159e-10 2.41099424e-10 1.47010294e-10 1.25205499e-08 4.0324096e-08 3.18773387e-08 2.61769998e-10 1.03826905e-10 1.40824814e-10
"433 Eros (A898 PA)" 2460014.67 "A.D. 2023-Mar-11 04:04:48.0000" 10.4 0.46 -0.2347379543054024 -1.630630108049955 -0.2127890419594121 0.0116115607900156 -0.004069383665157811 0.00139649401704657 3.84079393e-08 1.67233224e-08 2.94489281e-08 1.08562731e-10 2.31963684e-10 1.6098645e-10 1.37727607e-08 3.83749691e-08 3.09798562e-08 2.36206163e-10 1.09817828e-10 1.53806202e-10
"433 Eros (A898 PA)" 2460047.54 "A.D. 2023-Apr-13 00:57:36.0000" 10.4 0.46 0.1505876467081367 -1.70855314413656 -0.1602921104743528 0.01170329220600695 -0.0007069668507132677 0.001773305216366076 3.78382198e-08 1.33928288e-08 2.72952915e-08 1.21281655e-10 2.09137427e-10 1.82679517e-10 1.43692912e-08 3.64452492e-08 2.86600586e-08 2.16355231e-10 1.13807523e-10 1.79046839e-10
"433 Eros (A898 PA)" 2460080.41 "A.D. 2023-May-15 21:50:24.0000" 10.4 0.46 0.5268641044561508 -1.679780069377454 -0.09772854715629549 0.01108361683695845 0.002412627129390463 0.00201151114830546 3.53390844e-08 1.47592526e-08 2.4567131e-08 1.44733826e-10 1.82931306e-10 2.029838e-10 1.43935732e-08 3.48372731e-08 2.54837165e-08 2.01883053e-10 1.14968157e-10 2.04058132e-10
"433 Eros (A898 PA)" 2460113.28 "A.D. 2023-Jun-17 18:43:12.0000" 10.4 0.46 0.8726325015990316 -1.553132234022019 -0.02944039758344055 0.009860743833670813 0.005241720637947009 0.002123085861868987 3.13989067e-08 1.8802784e-08 2.19309182e-08 1.64800013e-10 1.58198376e-10 2.1826131e-10 1.3919333e-08 3.37012976e-08 2.21557196e-08 1.92246241e-10 1.13230343e-10 2.23705257e-10
"433 Eros (A898 PA)" 2460146.15 "A.D. 2023-Jul-20 15:36:00.0000" 10.4 0.46 1.169188512676113 -1.338807522475559 0.04051752769075508 0.00809635632559818 0.007740139391688784 0.002113449511050779 2.63926995e-08 2.32745125e-08 2.0152242e-08 1.80267049e-10 1.35548893e-10 2.27078966e-10 1.30043338e-08 3.30380821e-08 1.9589865e-08 1.86917953e-10 1.08857233e-10 2.35894786e-10
"433 Eros (A898 PA)" 2460179.02 "A.D. 2023-Aug-22 12:28:48.0000" 10.4 0.46 1.399267110752102 -1.04849445876362 0.1081571513919711 0.005818325380827602 0.009854266890708991 0.001981226771753357 2.06414361e-08 2.71524412e-08 1.98756629e-08 1.92582909e-10 1.13292588e-10 2.28698845e-10 1.17031065e-08 3.27064632e-08 1.87534126e-08 1.85432796e-10 1.02420148e-10 2.39481399e-10
"433 Eros (A898 PA)" 2460211.89 "A.D. 2023-Sep-24 09:21:36.0000" 10.4 0.46 1.546129032781038 -0.6961177229137141 0.1693325125062614 0.003032963334116318 0.01149845158638677 0.001718185611507458 1.45636184e-08 2.98986994e-08 2.11813621e-08 2.01968896e-10 9.14974462e-11 2.22567647e-10 1.01020549e-08 3.24453838e-08 1.99981715e-08 1.87344299e-10 9.50795222e-11 2.33584189e-10
"433 Eros (A898 PA)" 2460244.76 "A.D. 2023-Oct-27 06:14:24.0000" 10.4 0.46 1.593099748950109 -0.2992315565751932 0.2195166743343311 -0.0002586286942408019 0.01253343034602968 0.001309485744206948 9.19529297e-09 3.10738868e-08 2.34703333e-08 2.05574436e-10 8.10421144e-11 2.08411729e-10 8.41264061e-09 3.19023407e-08 2.26376795e-08 1.92125551e-10 8.92137429e-11 2.1769888e-10
"433 Eros (A898 PA)" 2460277.63 "A.D. 2023-Nov-29 03:07:12.0000" 10.4 0.46 1.523839323979748 0.1187769608440762 0.2536068660850748 -0.004030055709734548 0.01273836702915094 0.0007355023767609076 7.70828842e-09 3.02571013e-08 2.58400794e-08 1.97139717e-10 1.04142882e-10 1.87370852e-10 7.19476193e-09 3.06600534e-08 2.55110979e-08 1.9905116e-10 8.90406386e-11 1.93049332e-10
"433 Eros (A898 PA)" 2460310.5 "A.D. 2024-Jan-01 00:00:00.0000" 10.4 0.46 1.3241073110983 0.5255011670148952 0.2658603283631834 -0.008164731918672697 0.01178121155772831 -2.111302376463218e-05 1.12319016e-08 2.71536557e-08 2.73722649e-08 1.70641918e-10 1.55169437e-10 1.66228734e-10 7.458974e-09 2.82850123e-08 2.75143473e-08 2.07191916e-10 9.9332359e-11 1.67429994e-10
