289227 394392 66391 325102 527977 202683 302169 434326 164294 467540
480808 418265 163423 469445 413563 481817 333889 138258 163023 163693
363027 337248 66063 137170 188174 163899 387816 141531 215588 387733
152563 3753 65679 99942 68347 5381 208023 171576 204131 3554
388188 357622 199003 65909 187026 4769 88254 4581 85990 138175
4034 1865 54509 365424 10563 363116 175706 68950 4544 11500
2063 365071 385252 22753 37655 6239 164121 363067 5693 385186
7822 101955 137032 35107 17511 6037 12711 363344 3361 177049
87024 85236 1620 10115 90403 7889 1864 199145 363305 4450
2102 381906 371660 1685 5660 68216 52387 1862 136849 5645
163373 5143 25143 163249 185851 7482 163364 4953 35396
